"Time [ms]","CPU usage [%]","GC activity [%]","Size [B]","Used [B]","Total loaded","Shared loaded","Live","Daemon"
"09:10:29.512, 22 de jun. de 2023","0,0","0,0","514.850.816","36.932.784","4.208","0","22","19"
"09:10:30.503, 22 de jun. de 2023","0,2","0,0","514.850.816","36.932.784","4.208","0","22","19"
"09:10:31.504, 22 de jun. de 2023","0,3","0,0","514.850.816","38.415.448","4.208","0","22","19"
"09:10:32.505, 22 de jun. de 2023","0,0","0,0","514.850.816","38.415.448","4.208","0","22","19"
"09:10:33.505, 22 de jun. de 2023","0,4","0,0","514.850.816","38.415.448","4.208","0","22","19"
"09:10:34.506, 22 de jun. de 2023","0,0","0,0","514.850.816","38.415.448","4.208","0","22","19"
"09:10:35.506, 22 de jun. de 2023","0,1","0,0","514.850.816","38.415.448","4.208","0","22","19"
"09:10:36.507, 22 de jun. de 2023","0,5","0,0","514.850.816","38.415.448","4.208","0","22","19"
"09:10:37.507, 22 de jun. de 2023","0,1","0,0","514.850.816","41.245.056","4.225","0","22","19"
"09:10:38.507, 22 de jun. de 2023","77,7","0,1","514.850.816","176.771.704","4.447","0","819","816"
"09:10:39.507, 22 de jun. de 2023","52,6","0,2","514.850.816","151.307.208","4.448","0","819","816"
"09:10:40.507, 22 de jun. de 2023","25,1","0,0","514.850.816","165.327.304","4.448","0","819","816"
"09:10:41.507, 22 de jun. de 2023","19,2","0,0","514.850.816","197.730.696","4.448","0","819","816"
"09:10:42.507, 22 de jun. de 2023","19,4","0,0","514.850.816","213.208.464","4.448","0","819","816"
"09:10:43.507, 22 de jun. de 2023","19,2","0,0","514.850.816","243.817.400","4.448","0","819","816"
"09:10:44.507, 22 de jun. de 2023","19,6","0,1","514.850.816","143.380.080","4.449","0","819","816"
"09:10:45.508, 22 de jun. de 2023","20,0","0,0","514.850.816","170.091.704","4.449","0","819","816"
"09:10:46.508, 22 de jun. de 2023","19,7","0,0","514.850.816","187.152.480","4.450","0","819","816"
"09:10:47.508, 22 de jun. de 2023","20,0","0,0","514.850.816","213.504.152","4.454","0","819","816"
"09:10:48.508, 22 de jun. de 2023","4,3","0,0","514.850.816","220.993.456","4.455","0","819","816"
"09:10:49.509, 22 de jun. de 2023","0,2","0,0","514.850.816","223.714.992","4.455","0","819","816"
"09:10:50.509, 22 de jun. de 2023","0,3","0,0","514.850.816","226.392.432","4.455","0","819","816"
"09:10:51.510, 22 de jun. de 2023","0,1","0,0","514.850.816","228.533.488","4.455","0","819","816"
"09:10:52.510, 22 de jun. de 2023","0,2","0,0","514.850.816","231.209.832","4.455","0","819","816"
"09:10:53.511, 22 de jun. de 2023","3,6","0,5","514.850.816","67.549.528","4.432","0","819","816"
"09:10:54.511, 22 de jun. de 2023","1,3","0,0","514.850.816","70.423.816","4.432","0","819","816"
"09:10:55.512, 22 de jun. de 2023","0,2","0,0","514.850.816","72.987.296","4.432","0","819","816"
"09:10:56.512, 22 de jun. de 2023","0,8","0,0","514.850.816","75.919.560","4.432","0","819","816"
"09:10:57.513, 22 de jun. de 2023","0,9","0,0","514.850.816","78.484.056","4.432","0","819","816"
"09:10:58.514, 22 de jun. de 2023","0,2","0,0","514.850.816","81.092.600","4.432","0","819","816"
"09:10:59.514, 22 de jun. de 2023","0,2","0,0","514.850.816","83.656.120","4.432","0","819","816"
"09:11:00.514, 22 de jun. de 2023","0,1","0,0","514.850.816","86.226.256","4.432","0","819","816"
"09:11:01.515, 22 de jun. de 2023","0,2","0,0","514.850.816","88.322.120","4.432","0","819","816"
"09:11:02.516, 22 de jun. de 2023","0,1","0,0","514.850.816","90.933.968","4.432","0","819","816"
"09:11:03.516, 22 de jun. de 2023","0,1","0,0","514.850.816","93.497.456","4.432","0","819","816"
"09:11:04.516, 22 de jun. de 2023","0,2","0,0","514.850.816","96.060.984","4.432","0","819","816"
"09:11:05.517, 22 de jun. de 2023","0,2","0,0","514.850.816","98.111.728","4.432","0","819","816"
"09:11:06.517, 22 de jun. de 2023","0,1","0,0","514.850.816","100.676.200","4.432","0","819","816"
"09:11:07.518, 22 de jun. de 2023","0,3","0,0","514.850.816","103.284.776","4.432","0","819","816"
"09:11:08.518, 22 de jun. de 2023","1,3","0,0","514.850.816","105.848.256","4.432","0","819","816"
"09:11:09.519, 22 de jun. de 2023","0,1","0,0","514.850.816","108.421.600","4.432","0","819","816"
"09:11:10.519, 22 de jun. de 2023","0,2","0,0","514.850.816","110.494.896","4.432","0","819","816"
"09:11:11.520, 22 de jun. de 2023","0,2","0,0","514.850.816","113.148.512","4.432","0","819","816"
"09:11:12.520, 22 de jun. de 2023","0,2","0,0","514.850.816","115.711.984","4.432","0","819","816"
"09:11:13.521, 22 de jun. de 2023","0,3","0,0","514.850.816","118.284.328","4.432","0","819","816"
"09:11:14.521, 22 de jun. de 2023","0,1","0,0","514.850.816","120.380.144","4.432","0","819","816"
"09:11:15.522, 22 de jun. de 2023","0,2","0,0","514.850.816","122.995.168","4.432","0","819","816"
"09:11:16.522, 22 de jun. de 2023","0,2","0,0","514.850.816","125.558.664","4.432","0","819","816"
"09:11:17.523, 22 de jun. de 2023","0,1","0,0","514.850.816","128.123.136","4.433","0","819","816"
"09:11:18.523, 22 de jun. de 2023","0,2","0,0","514.850.816","130.173.888","4.437","0","819","816"
"09:11:19.524, 22 de jun. de 2023","0,2","0,0","514.850.816","132.743.000","4.440","0","819","816"
"09:11:20.524, 22 de jun. de 2023","0,1","0,0","514.850.816","135.306.488","4.440","0","819","816"
"09:11:21.525, 22 de jun. de 2023","0,1","0,0","514.850.816","137.915.008","4.440","0","819","816"
"09:11:22.526, 22 de jun. de 2023","0,2","0,0","514.850.816","140.479.560","4.440","0","819","816"
"09:11:23.526, 22 de jun. de 2023","0,1","0,0","514.850.816","143.048.768","4.440","0","819","816"
"09:11:24.527, 22 de jun. de 2023","2,1","0,0","514.850.816","145.144.632","4.440","0","819","816"
"09:11:25.527, 22 de jun. de 2023","0,1","0,0","514.850.816","147.759.648","4.440","0","819","816"
"09:11:26.528, 22 de jun. de 2023","0,3","0,0","514.850.816","150.323.096","4.440","0","819","816"
"09:11:27.528, 22 de jun. de 2023","0,2","0,0","514.850.816","153.257.240","4.440","0","819","816"
"09:11:28.529, 22 de jun. de 2023","0,2","0,0","514.850.816","155.307.984","4.440","0","819","816"
"09:11:29.529, 22 de jun. de 2023","0,2","0,0","514.850.816","159.626.480","4.442","0","817","814"
"09:11:30.530, 22 de jun. de 2023","0,2","0,0","514.850.816","162.235.032","4.442","0","817","814"
"09:11:31.530, 22 de jun. de 2023","0,1","0,0","514.850.816","164.799.056","4.442","0","817","814"
"09:11:32.531, 22 de jun. de 2023","0,2","0,0","514.850.816","167.362.520","4.442","0","817","814"
"09:11:33.531, 22 de jun. de 2023","0,1","0,0","514.850.816","169.413.288","4.442","0","817","814"
"09:11:34.532, 22 de jun. de 2023","0,2","0,0","514.850.816","172.066.944","4.442","0","817","814"
"09:11:35.533, 22 de jun. de 2023","0,2","0,0","514.850.816","174.630.472","4.442","0","817","814"
"09:11:36.533, 22 de jun. de 2023","0,1","0,0","514.850.816","177.197.200","4.442","0","817","814"
"09:11:37.533, 22 de jun. de 2023","0,2","0,0","514.850.816","179.270.512","4.442","0","817","814"
"09:11:38.534, 22 de jun. de 2023","0,6","0,0","514.850.816","191.036.528","4.443","0","622","619"
"09:11:39.534, 22 de jun. de 2023","0,2","0,0","514.850.816","194.889.408","4.443","0","567","564"
"09:11:40.535, 22 de jun. de 2023","0,2","0,0","514.850.816","196.438.736","4.443","0","567","564"
"09:11:41.535, 22 de jun. de 2023","0,2","0,0","514.850.816","198.534.648","4.443","0","567","564"
"09:11:42.536, 22 de jun. de 2023","0,2","0,0","579.338.240","66.471.624","4.443","0","567","564"
"09:11:43.536, 22 de jun. de 2023","0,2","0,0","579.338.240","68.959.936","4.443","0","567","564"
"09:11:44.537, 22 de jun. de 2023","0,3","0,0","579.338.240","71.607.504","4.443","0","548","545"
"09:11:45.537, 22 de jun. de 2023","0,3","0,0","579.338.240","72.750.736","4.443","0","548","545"
"09:11:46.538, 22 de jun. de 2023","0,4","0,0","579.338.240","75.106.768","4.444","0","546","543"
"09:11:47.538, 22 de jun. de 2023","0,2","0,0","579.338.240","76.634.696","4.444","0","526","523"
"09:11:48.539, 22 de jun. de 2023","1,1","0,0","579.338.240","87.837.504","4.445","0","20","17"
"09:11:49.539, 22 de jun. de 2023","0,0","0,0","579.338.240","87.837.504","4.445","0","20","17"
"09:11:50.540, 22 de jun. de 2023","0,1","0,0","579.338.240","87.837.504","4.445","0","20","17"
"09:11:51.541, 22 de jun. de 2023","0,2","0,0","579.338.240","87.837.504","4.445","0","20","17"
"09:11:52.541, 22 de jun. de 2023","0,0","0,0","579.338.240","87.837.504","4.445","0","20","17"
"09:11:53.542, 22 de jun. de 2023","0,1","0,0","579.338.240","88.980.744","4.445","0","20","17"
"09:11:54.542, 22 de jun. de 2023","0,1","0,0","579.338.240","88.980.744","4.445","0","20","17"
"09:11:55.543, 22 de jun. de 2023","0,1","0,0","579.338.240","88.980.744","4.445","0","20","17"
"09:11:56.543, 22 de jun. de 2023","0,0","0,0","579.338.240","88.980.744","4.445","0","20","17"
"09:11:57.544, 22 de jun. de 2023","0,1","0,0","579.338.240","90.123.960","4.445","0","20","17"
"09:11:58.544, 22 de jun. de 2023","0,1","0,0","579.338.240","90.123.960","4.445","0","20","17"
"09:11:59.545, 22 de jun. de 2023","0,1","0,0","579.338.240","90.123.960","4.445","0","20","17"
"09:12:00.545, 22 de jun. de 2023","0,0","0,0","579.338.240","90.123.960","4.445","0","20","17"
"09:12:01.546, 22 de jun. de 2023","0,1","0,0","579.338.240","91.267.184","4.445","0","20","17"
"09:12:02.546, 22 de jun. de 2023","0,1","0,0","579.338.240","91.267.184","4.445","0","20","17"
"09:12:03.547, 22 de jun. de 2023","0,1","0,0","579.338.240","91.267.184","4.445","0","20","17"
"09:12:04.547, 22 de jun. de 2023","0,0","0,0","579.338.240","91.267.184","4.445","0","20","17"
"09:12:05.548, 22 de jun. de 2023","0,1","0,0","579.338.240","92.410.392","4.445","0","20","17"
"09:12:06.548, 22 de jun. de 2023","0,1","0,0","579.338.240","92.410.392","4.445","0","20","17"
"09:12:07.549, 22 de jun. de 2023","0,1","0,0","579.338.240","92.410.392","4.445","0","20","17"
"09:12:08.550, 22 de jun. de 2023","0,0","0,0","579.338.240","92.410.392","4.448","0","20","17"
"09:12:09.550, 22 de jun. de 2023","0,1","0,0","579.338.240","93.553.600","4.448","0","20","17"
"09:12:10.550, 22 de jun. de 2023","0,1","0,0","579.338.240","93.553.600","4.449","0","20","17"
"09:12:11.551, 22 de jun. de 2023","0,2","0,0","579.338.240","93.553.600","4.449","0","20","17"
"09:12:12.551, 22 de jun. de 2023","0,1","0,0","579.338.240","93.553.600","4.449","0","20","17"
"09:12:13.552, 22 de jun. de 2023","0,1","0,0","579.338.240","94.697.312","4.449","0","20","17"
"09:12:14.552, 22 de jun. de 2023","0,1","0,0","579.338.240","94.697.312","4.449","0","20","17"
"09:12:15.553, 22 de jun. de 2023","0,3","0,0","579.338.240","94.697.312","4.449","0","20","17"
"09:12:16.553, 22 de jun. de 2023","0,1","0,0","579.338.240","94.697.312","4.449","0","20","17"
"09:12:17.554, 22 de jun. de 2023","0,0","0,0","579.338.240","94.697.312","4.449","0","20","17"
"09:12:18.554, 22 de jun. de 2023","25,0","0,0","579.338.240","159.885.224","4.449","0","660","657"
"09:12:19.554, 22 de jun. de 2023","20,7","0,0","579.338.240","184.920.872","4.449","0","660","657"
"09:12:20.554, 22 de jun. de 2023","18,6","0,1","533.725.184","125.608.712","4.449","0","660","657"
"09:12:21.554, 22 de jun. de 2023","18,1","0,0","533.725.184","151.159.616","4.449","0","660","657"
"09:12:22.554, 22 de jun. de 2023","17,5","0,0","533.725.184","175.193.864","4.449","0","660","657"
"09:12:23.554, 22 de jun. de 2023","18,3","0,0","533.725.184","200.506.408","4.449","0","660","657"
"09:12:24.554, 22 de jun. de 2023","17,8","0,0","533.725.184","225.268.816","4.449","0","660","657"
"09:12:25.555, 22 de jun. de 2023","19,1","0,0","570.425.344","123.316.368","4.449","0","660","657"
"09:12:26.555, 22 de jun. de 2023","18,1","0,0","570.425.344","148.240.024","4.449","0","660","657"
"09:12:27.555, 22 de jun. de 2023","18,6","0,0","570.425.344","173.632.920","4.449","0","660","657"
"09:12:28.556, 22 de jun. de 2023","4,3","0,0","570.425.344","181.620.360","4.449","0","660","657"
"09:12:29.556, 22 de jun. de 2023","0,2","0,0","570.425.344","184.112.912","4.449","0","660","657"
"09:12:30.556, 22 de jun. de 2023","0,1","0,0","570.425.344","186.004.776","4.449","0","660","657"
"09:12:31.557, 22 de jun. de 2023","0,2","0,0","570.425.344","187.874.080","4.449","0","660","657"
"09:12:32.557, 22 de jun. de 2023","0,1","0,0","570.425.344","190.367.480","4.449","0","660","657"
"09:12:33.558, 22 de jun. de 2023","0,1","0,0","570.425.344","192.248.016","4.449","0","660","657"
"09:12:34.558, 22 de jun. de 2023","0,2","0,0","570.425.344","194.117.360","4.449","0","660","657"
"09:12:35.558, 22 de jun. de 2023","0,1","0,0","570.425.344","196.610.928","4.449","0","660","657"
"09:12:36.559, 22 de jun. de 2023","0,1","0,0","570.425.344","198.525.256","4.449","0","660","657"
"09:12:37.560, 22 de jun. de 2023","0,2","0,0","570.425.344","200.405.816","4.449","0","660","657"
"09:12:38.560, 22 de jun. de 2023","0,2","0,0","570.425.344","202.899.216","4.449","0","660","657"
"09:12:39.560, 22 de jun. de 2023","0,1","0,0","570.425.344","205.038.208","4.449","0","660","657"
"09:12:40.561, 22 de jun. de 2023","0,7","0,0","570.425.344","206.907.528","4.449","0","660","657"
"09:12:41.561, 22 de jun. de 2023","0,6","0,0","570.425.344","208.776.872","4.449","0","660","657"
"09:12:42.561, 22 de jun. de 2023","0,1","0,0","570.425.344","211.269.352","4.449","0","660","657"
"09:12:43.562, 22 de jun. de 2023","0,2","0,0","570.425.344","213.138.648","4.449","0","660","657"
"09:12:44.562, 22 de jun. de 2023","0,5","0,0","570.425.344","215.007.968","4.449","0","660","657"
"09:12:45.563, 22 de jun. de 2023","0,8","0,0","570.425.344","217.505.744","4.449","0","660","657"
"09:12:46.563, 22 de jun. de 2023","0,2","0,0","570.425.344","219.420.088","4.449","0","660","657"
"09:12:47.564, 22 de jun. de 2023","0,1","0,0","570.425.344","221.300.640","4.449","0","660","657"
"09:12:48.564, 22 de jun. de 2023","0,2","0,0","570.425.344","223.793.104","4.449","0","660","657"
"09:12:49.565, 22 de jun. de 2023","0,1","0,0","570.425.344","225.707.456","4.449","0","660","657"
"09:12:50.565, 22 de jun. de 2023","0,1","0,0","570.425.344","227.576.752","4.449","0","660","657"
"09:12:51.566, 22 de jun. de 2023","0,2","0,0","570.425.344","229.446.120","4.449","0","660","657"
"09:12:52.566, 22 de jun. de 2023","0,1","0,0","570.425.344","231.938.480","4.449","0","660","657"
"09:12:53.567, 22 de jun. de 2023","0,1","0,0","570.425.344","233.807.776","4.449","0","660","657"
"09:12:54.567, 22 de jun. de 2023","0,2","0,0","570.425.344","235.677.128","4.449","0","660","657"
"09:12:55.568, 22 de jun. de 2023","0,4","0,0","498.073.600","81.639.400","4.449","0","660","657"
"09:12:56.568, 22 de jun. de 2023","0,2","0,0","498.073.600","84.080.584","4.449","0","660","657"
"09:12:57.569, 22 de jun. de 2023","2,0","0,0","498.073.600","85.708.056","4.449","0","660","657"
"09:12:58.569, 22 de jun. de 2023","0,1","0,0","498.073.600","88.194.280","4.449","0","660","657"
"09:12:59.570, 22 de jun. de 2023","0,1","0,0","498.073.600","89.821.752","4.449","0","660","657"
"09:13:00.570, 22 de jun. de 2023","0,1","0,0","498.073.600","92.353.072","4.449","0","660","657"
"09:13:01.571, 22 de jun. de 2023","0,1","0,0","498.073.600","93.980.520","4.449","0","660","657"
"09:13:02.571, 22 de jun. de 2023","0,1","0,0","498.073.600","96.466.760","4.449","0","660","657"
"09:13:03.572, 22 de jun. de 2023","0,1","0,0","498.073.600","98.094.240","4.449","0","660","657"
"09:13:04.572, 22 de jun. de 2023","0,2","0,0","498.073.600","100.580.464","4.449","0","660","657"
"09:13:05.572, 22 de jun. de 2023","0,0","0,0","498.073.600","102.207.984","4.449","0","660","657"
"09:13:06.573, 22 de jun. de 2023","0,2","0,0","498.073.600","104.778.960","4.449","0","660","657"
"09:13:07.574, 22 de jun. de 2023","0,1","0,0","498.073.600","106.406.432","4.449","0","660","657"
"09:13:08.574, 22 de jun. de 2023","0,1","0,0","498.073.600","108.892.672","4.449","0","660","657"
"09:13:09.575, 22 de jun. de 2023","0,2","0,0","498.073.600","110.520.128","4.449","0","660","657"
"09:13:10.575, 22 de jun. de 2023","0,1","0,0","498.073.600","113.006.448","4.449","0","660","657"
"09:13:11.576, 22 de jun. de 2023","0,1","0,0","498.073.600","114.633.872","4.449","0","660","657"
"09:13:12.576, 22 de jun. de 2023","0,3","0,0","498.073.600","117.120.168","4.449","0","660","657"
"09:13:13.577, 22 de jun. de 2023","0,2","0,0","498.073.600","118.747.616","4.449","0","660","657"
"09:13:14.577, 22 de jun. de 2023","0,1","0,0","498.073.600","121.319.672","4.449","0","660","657"
"09:13:15.578, 22 de jun. de 2023","0,2","0,0","498.073.600","122.947.144","4.449","0","660","657"
"09:13:16.578, 22 de jun. de 2023","0,1","0,0","498.073.600","125.433.392","4.449","0","660","657"
"09:13:17.579, 22 de jun. de 2023","0,1","0,0","498.073.600","127.060.912","4.449","0","660","657"
"09:13:18.579, 22 de jun. de 2023","0,3","0,0","498.073.600","129.896.720","4.449","0","571","568"
"09:13:19.580, 22 de jun. de 2023","0,1","0,0","498.073.600","131.524.160","4.449","0","571","568"
"09:13:20.580, 22 de jun. de 2023","0,1","0,0","498.073.600","133.173.376","4.449","0","565","562"
"09:13:21.581, 22 de jun. de 2023","0,1","0,0","498.073.600","134.800.920","4.449","0","565","562"
"09:13:22.581, 22 de jun. de 2023","0,1","0,0","498.073.600","137.247.096","4.449","0","565","562"
"09:13:23.582, 22 de jun. de 2023","0,2","0,0","498.073.600","138.874.552","4.449","0","565","562"
"09:13:24.583, 22 de jun. de 2023","0,1","0,0","498.073.600","140.502.040","4.449","0","565","562"
"09:13:25.583, 22 de jun. de 2023","0,6","0,0","498.073.600","142.224.024","4.449","0","534","531"
"09:13:26.583, 22 de jun. de 2023","0,2","0,0","498.073.600","143.851.536","4.449","0","534","531"
"09:13:27.584, 22 de jun. de 2023","0,2","0,0","498.073.600","146.303.656","4.449","0","531","528"
"09:13:28.584, 22 de jun. de 2023","0,8","0,0","498.073.600","148.220.512","4.449","0","20","17"
"09:13:29.585, 22 de jun. de 2023","0,0","0,0","498.073.600","148.220.512","4.449","0","20","17"
"09:13:30.585, 22 de jun. de 2023","0,1","0,0","498.073.600","149.034.928","4.449","0","20","17"
"09:13:31.586, 22 de jun. de 2023","0,1","0,0","498.073.600","149.034.928","4.449","0","20","17"
"09:13:32.587, 22 de jun. de 2023","0,0","0,0","498.073.600","149.034.928","4.449","0","20","17"
"09:13:33.587, 22 de jun. de 2023","0,1","0,0","498.073.600","149.889.872","4.449","0","20","17"
"09:13:34.587, 22 de jun. de 2023","0,1","0,0","498.073.600","149.889.872","4.449","0","20","17"
"09:13:35.588, 22 de jun. de 2023","0,0","0,0","498.073.600","149.889.872","4.449","0","20","17"
"09:13:36.588, 22 de jun. de 2023","0,1","0,0","498.073.600","150.743.232","4.449","0","20","17"
"09:13:37.589, 22 de jun. de 2023","0,0","0,0","498.073.600","150.743.232","4.449","0","20","17"
"09:13:38.589, 22 de jun. de 2023","0,1","0,0","498.073.600","150.743.232","4.449","0","20","17"
"09:13:39.590, 22 de jun. de 2023","0,0","0,0","498.073.600","151.699.976","4.449","0","20","17"
"09:13:40.590, 22 de jun. de 2023","0,1","0,0","498.073.600","151.699.976","4.449","0","20","17"
"09:13:41.591, 22 de jun. de 2023","0,0","0,0","498.073.600","151.699.976","4.449","0","20","17"
"09:13:42.591, 22 de jun. de 2023","0,0","0,0","498.073.600","151.699.976","4.449","0","20","17"
"09:13:43.592, 22 de jun. de 2023","0,1","0,0","498.073.600","152.657.712","4.449","0","20","17"
"09:13:44.592, 22 de jun. de 2023","0,0","0,0","498.073.600","152.657.712","4.449","0","20","17"
"09:13:45.593, 22 de jun. de 2023","0,1","0,0","498.073.600","152.657.712","4.449","0","20","17"
"09:13:46.593, 22 de jun. de 2023","0,0","0,0","498.073.600","153.471.464","4.449","0","20","17"
"09:13:47.594, 22 de jun. de 2023","0,1","0,0","498.073.600","153.471.464","4.449","0","20","17"
"09:13:48.594, 22 de jun. de 2023","0,0","0,0","498.073.600","153.471.464","4.449","0","20","17"
"09:13:49.595, 22 de jun. de 2023","0,1","0,0","498.073.600","154.285.200","4.449","0","20","17"
"09:13:50.595, 22 de jun. de 2023","0,1","0,0","498.073.600","154.285.200","4.449","0","20","17"
"09:13:51.596, 22 de jun. de 2023","0,0","0,0","498.073.600","154.285.200","4.449","0","20","17"
"09:13:52.596, 22 de jun. de 2023","0,0","0,0","498.073.600","155.139.656","4.449","0","20","17"
"09:13:53.596, 22 de jun. de 2023","0,1","0,0","498.073.600","155.139.656","4.449","0","20","17"
"09:13:54.597, 22 de jun. de 2023","0,0","0,0","498.073.600","155.139.656","4.449","0","20","17"
"09:13:55.597, 22 de jun. de 2023","0,1","0,0","498.073.600","155.953.408","4.449","0","20","17"
"09:13:56.598, 22 de jun. de 2023","0,0","0,0","498.073.600","155.993.016","4.449","0","20","17"
"09:13:57.599, 22 de jun. de 2023","0,1","0,0","498.073.600","155.993.016","4.449","0","20","17"
"09:13:58.599, 22 de jun. de 2023","16,3","0,1","562.036.736","145.862.904","4.449","0","750","747"
"09:13:59.599, 22 de jun. de 2023","21,0","0,0","562.036.736","172.651.584","4.449","0","750","747"
"09:14:00.599, 22 de jun. de 2023","17,8","0,0","562.036.736","198.773.104","4.449","0","750","747"
"09:14:01.599, 22 de jun. de 2023","18,7","0,0","562.036.736","225.795.648","4.449","0","750","747"
"09:14:02.599, 22 de jun. de 2023","18,7","0,1","488.112.128","137.715.040","4.449","0","750","747"
"09:14:03.599, 22 de jun. de 2023","18,5","0,0","488.112.128","164.142.744","4.449","0","750","747"
"09:14:04.599, 22 de jun. de 2023","18,0","0,0","488.112.128","191.297.728","4.449","0","750","747"
"09:14:05.599, 22 de jun. de 2023","18,3","0,0","488.112.128","218.485.624","4.449","0","750","747"
"09:14:06.599, 22 de jun. de 2023","19,0","0,0","557.318.144","128.352.144","4.449","0","750","747"
"09:14:07.600, 22 de jun. de 2023","18,6","0,0","557.318.144","155.354.392","4.449","0","750","747"
"09:14:08.600, 22 de jun. de 2023","6,2","0,0","557.318.144","166.599.832","4.449","0","750","747"
"09:14:09.601, 22 de jun. de 2023","0,1","0,0","557.318.144","168.591.656","4.449","0","750","747"
"09:14:10.601, 22 de jun. de 2023","0,2","0,0","557.318.144","171.081.392","4.449","0","750","747"
"09:14:11.602, 22 de jun. de 2023","0,1","0,0","557.318.144","173.129.256","4.449","0","750","747"
"09:14:12.602, 22 de jun. de 2023","0,0","0,0","557.318.144","175.641.648","4.449","0","750","747"
"09:14:13.603, 22 de jun. de 2023","0,2","0,0","557.318.144","177.678.544","4.449","0","750","747"
"09:14:14.603, 22 de jun. de 2023","0,2","0,0","557.318.144","180.168.336","4.449","0","750","747"
"09:14:15.604, 22 de jun. de 2023","0,1","0,0","557.318.144","182.171.504","4.449","0","750","747"
"09:14:16.604, 22 de jun. de 2023","0,1","0,0","557.318.144","184.738.632","4.449","0","750","747"
"09:14:17.605, 22 de jun. de 2023","0,2","0,0","557.318.144","186.741.744","4.449","0","750","747"
"09:14:18.605, 22 de jun. de 2023","0,1","0,0","557.318.144","189.276.592","4.449","0","750","747"
"09:14:19.606, 22 de jun. de 2023","0,1","0,0","557.318.144","191.771.944","4.449","0","750","747"
"09:14:20.607, 22 de jun. de 2023","0,1","0,0","557.318.144","193.853.928","4.449","0","750","747"
"09:14:21.607, 22 de jun. de 2023","0,1","0,0","557.318.144","195.856.776","4.449","0","750","747"
"09:14:22.607, 22 de jun. de 2023","0,2","0,0","557.318.144","198.437.704","4.449","0","750","747"
"09:14:23.608, 22 de jun. de 2023","0,1","0,0","557.318.144","200.452.128","4.449","0","750","747"
"09:14:24.609, 22 de jun. de 2023","0,1","0,0","557.318.144","202.986.968","4.449","0","750","747"
"09:14:25.609, 22 de jun. de 2023","0,1","0,0","557.318.144","205.477.280","4.449","0","750","747"
"09:14:26.610, 22 de jun. de 2023","0,1","0,0","557.318.144","207.580.632","4.449","0","750","747"
"09:14:27.610, 22 de jun. de 2023","0,1","0,0","557.318.144","209.572.520","4.449","0","750","747"
"09:14:28.611, 22 de jun. de 2023","0,1","0,0","557.318.144","212.152.440","4.449","0","750","747"
"09:14:29.611, 22 de jun. de 2023","0,2","0,0","557.318.144","214.177.304","4.449","0","750","747"
"09:14:30.612, 22 de jun. de 2023","0,2","0,0","557.318.144","216.712.144","4.449","0","750","747"
"09:14:31.612, 22 de jun. de 2023","0,1","0,0","557.318.144","218.726.152","4.449","0","750","747"
"09:14:32.613, 22 de jun. de 2023","0,1","0,0","557.318.144","221.261.128","4.449","0","750","747"
"09:14:33.613, 22 de jun. de 2023","0,1","0,0","557.318.144","223.756.608","4.449","0","750","747"
"09:14:34.614, 22 de jun. de 2023","0,1","0,0","557.318.144","225.838.576","4.449","0","750","747"
"09:14:35.614, 22 de jun. de 2023","0,2","0,0","557.318.144","228.333.952","4.449","0","750","747"
"09:14:36.615, 22 de jun. de 2023","0,1","0,0","557.318.144","230.448.312","4.449","0","750","747"
"09:14:37.615, 22 de jun. de 2023","0,0","0,0","557.318.144","232.440.184","4.449","0","750","747"
"09:14:38.615, 22 de jun. de 2023","0,1","0,0","557.318.144","235.021.096","4.449","0","750","747"
"09:14:39.616, 22 de jun. de 2023","0,3","0,0","472.907.776","123.044.728","4.449","0","750","747"
"09:14:40.617, 22 de jun. de 2023","0,1","0,0","472.907.776","125.520.320","4.449","0","750","747"
"09:14:41.617, 22 de jun. de 2023","0,2","0,0","472.907.776","128.040.960","4.449","0","750","747"
"09:14:42.618, 22 de jun. de 2023","0,1","0,0","472.907.776","130.524.512","4.449","0","750","747"
"09:14:43.618, 22 de jun. de 2023","0,1","0,0","472.907.776","132.174.904","4.449","0","750","747"
"09:14:44.619, 22 de jun. de 2023","0,1","0,0","472.907.776","134.656.128","4.449","0","750","747"
"09:14:45.619, 22 de jun. de 2023","0,2","0,0","472.907.776","137.184.240","4.449","0","750","747"
"09:14:46.620, 22 de jun. de 2023","0,2","0,0","472.907.776","139.680.568","4.449","0","750","747"
"09:14:47.620, 22 de jun. de 2023","0,1","0,0","472.907.776","141.330.968","4.449","0","750","747"
"09:14:48.621, 22 de jun. de 2023","0,1","0,0","472.907.776","143.806.536","4.449","0","750","747"
"09:14:49.621, 22 de jun. de 2023","0,1","0,0","472.907.776","146.334.664","4.449","0","750","747"
"09:14:50.622, 22 de jun. de 2023","0,1","0,0","472.907.776","148.810.232","4.449","0","750","747"
"09:14:51.622, 22 de jun. de 2023","0,1","0,0","472.907.776","150.460.632","4.449","0","750","747"
"09:14:52.623, 22 de jun. de 2023","0,1","0,0","472.907.776","152.966.272","4.449","0","750","747"
"09:14:53.623, 22 de jun. de 2023","0,2","0,0","472.907.776","155.441.856","4.449","0","750","747"
"09:14:54.624, 22 de jun. de 2023","0,0","0,0","472.907.776","157.917.456","4.449","0","750","747"
"09:14:55.624, 22 de jun. de 2023","0,2","0,0","472.907.776","159.575.320","4.449","0","750","747"
"09:14:56.625, 22 de jun. de 2023","0,1","0,0","472.907.776","162.071.696","4.449","0","750","747"
"09:14:57.625, 22 de jun. de 2023","0,2","0,0","472.907.776","164.592.352","4.449","0","750","747"
"09:14:58.626, 22 de jun. de 2023","0,3","0,0","472.907.776","167.521.320","4.449","0","583","580"
"09:14:59.626, 22 de jun. de 2023","0,1","0,0","472.907.776","170.389.096","4.449","0","583","580"
"09:15:00.627, 22 de jun. de 2023","0,1","0,0","472.907.776","172.062.000","4.449","0","583","580"
"09:15:01.627, 22 de jun. de 2023","0,1","0,0","472.907.776","173.712.376","4.449","0","583","580"
"09:15:02.628, 22 de jun. de 2023","0,2","0,0","472.907.776","175.485.472","4.449","0","540","537"
"09:15:03.628, 22 de jun. de 2023","0,6","0,0","472.907.776","177.961.064","4.449","0","540","537"
"09:15:04.629, 22 de jun. de 2023","0,2","0,0","472.907.776","179.611.448","4.449","0","540","537"
"09:15:05.629, 22 de jun. de 2023","0,1","0,0","472.907.776","181.359.432","4.449","0","540","537"
"09:15:06.630, 22 de jun. de 2023","0,1","0,0","472.907.776","183.219.096","4.449","0","535","532"
"09:15:07.630, 22 de jun. de 2023","0,2","0,0","472.907.776","184.981.280","4.449","0","527","524"
"09:15:08.631, 22 de jun. de 2023","0,8","0,0","472.907.776","188.008.872","4.449","0","20","17"
"09:15:09.631, 22 de jun. de 2023","0,0","0,0","472.907.776","188.008.872","4.449","0","20","17"
"09:15:10.632, 22 de jun. de 2023","0,1","0,0","472.907.776","188.008.872","4.449","0","20","17"
"09:15:11.632, 22 de jun. de 2023","0,0","0,0","472.907.776","188.008.872","4.449","0","20","17"
"09:15:12.633, 22 de jun. de 2023","0,0","0,0","472.907.776","188.842.536","4.449","0","20","17"
"09:15:13.633, 22 de jun. de 2023","0,1","0,0","472.907.776","188.842.536","4.449","0","20","17"
"09:15:14.634, 22 de jun. de 2023","0,0","0,0","472.907.776","188.842.536","4.449","0","20","17"
"09:15:15.634, 22 de jun. de 2023","0,1","0,0","472.907.776","189.675.232","4.449","0","20","17"
"09:15:16.635, 22 de jun. de 2023","0,0","0,0","472.907.776","189.695.984","4.449","0","20","17"
"09:15:17.635, 22 de jun. de 2023","0,1","0,0","472.907.776","189.695.984","4.449","0","20","17"
"09:15:18.636, 22 de jun. de 2023","0,1","0,0","472.907.776","190.528.760","4.449","0","20","17"
"09:15:19.636, 22 de jun. de 2023","0,0","0,0","472.907.776","190.528.760","4.449","0","20","17"
"09:15:20.637, 22 de jun. de 2023","0,0","0,0","472.907.776","190.528.760","4.449","0","20","17"
"09:15:21.637, 22 de jun. de 2023","0,1","0,0","472.907.776","191.361.424","4.449","0","20","17"
"09:15:22.638, 22 de jun. de 2023","0,0","0,0","472.907.776","191.361.424","4.449","0","20","17"
"09:15:23.638, 22 de jun. de 2023","0,1","0,0","472.907.776","191.361.424","4.449","0","20","17"
"09:15:24.639, 22 de jun. de 2023","0,0","0,0","472.907.776","192.195.088","4.449","0","20","17"
"09:15:25.639, 22 de jun. de 2023","0,1","0,0","472.907.776","192.195.088","4.449","0","20","17"
"09:15:26.640, 22 de jun. de 2023","0,0","0,0","472.907.776","192.216.048","4.449","0","20","17"
"09:15:27.640, 22 de jun. de 2023","0,1","0,0","472.907.776","193.041.736","4.449","0","20","17"
"09:15:28.641, 22 de jun. de 2023","0,3","0,0","472.907.776","193.049.200","4.449","0","20","17"
"09:15:29.641, 22 de jun. de 2023","0,1","0,0","472.907.776","193.049.200","4.449","0","20","17"
"09:15:30.642, 22 de jun. de 2023","0,0","0,0","472.907.776","193.874.400","4.449","0","20","17"
"09:15:31.642, 22 de jun. de 2023","0,1","0,0","472.907.776","193.881.864","4.449","0","20","17"
"09:15:32.643, 22 de jun. de 2023","0,0","0,0","472.907.776","193.881.864","4.449","0","20","17"
"09:15:33.643, 22 de jun. de 2023","0,1","0,0","472.907.776","194.707.080","4.449","0","20","17"
"09:15:34.644, 22 de jun. de 2023","0,0","0,0","472.907.776","194.714.544","4.449","0","20","17"
"09:15:35.644, 22 de jun. de 2023","0,1","0,0","472.907.776","194.714.544","4.449","0","20","17"
"09:15:36.645, 22 de jun. de 2023","0,1","0,0","472.907.776","194.735.520","4.449","0","20","17"
"09:15:37.645, 22 de jun. de 2023","0,1","0,0","472.907.776","195.568.168","4.449","0","20","17"
"09:15:38.645, 22 de jun. de 2023","13,2","0,0","548.405.248","181.674.408","4.449","0","647","644"
"09:15:39.645, 22 de jun. de 2023","18,0","0,0","548.405.248","208.682.432","4.449","0","647","644"
"09:15:40.645, 22 de jun. de 2023","18,0","0,0","548.405.248","236.223.528","4.449","0","647","644"
"09:15:41.645, 22 de jun. de 2023","17,8","0,0","548.405.248","263.968.480","4.449","0","647","644"
"09:15:42.646, 22 de jun. de 2023","18,7","0,1","476.053.504","186.019.584","4.449","0","647","644"
"09:15:43.646, 22 de jun. de 2023","18,2","0,0","476.053.504","213.777.104","4.449","0","647","644"
"09:15:44.646, 22 de jun. de 2023","17,8","0,0","476.053.504","240.903.296","4.449","0","647","644"
"09:15:45.646, 22 de jun. de 2023","18,3","0,0","476.053.504","268.597.392","4.449","0","647","644"
"09:15:46.646, 22 de jun. de 2023","18,6","0,0","541.065.216","187.780.792","4.449","0","647","644"
"09:15:47.646, 22 de jun. de 2023","18,5","0,0","541.065.216","215.552.336","4.449","0","647","644"
"09:15:48.647, 22 de jun. de 2023","7,7","0,0","541.065.216","228.644.056","4.449","0","647","644"
"09:15:49.647, 22 de jun. de 2023","0,1","0,0","541.065.216","231.044.408","4.449","0","647","644"
"09:15:50.648, 22 de jun. de 2023","0,1","0,0","541.065.216","232.987.440","4.449","0","647","644"
"09:15:51.648, 22 de jun. de 2023","0,1","0,0","541.065.216","234.953.040","4.449","0","647","644"
"09:15:52.649, 22 de jun. de 2023","0,1","0,0","541.065.216","236.873.608","4.449","0","647","644"
"09:15:53.649, 22 de jun. de 2023","0,1","0,0","541.065.216","238.799.696","4.449","0","647","644"
"09:15:54.650, 22 de jun. de 2023","0,1","0,0","541.065.216","241.199.696","4.449","0","647","644"
"09:15:55.650, 22 de jun. de 2023","0,2","0,0","541.065.216","243.120.272","4.449","0","647","644"
"09:15:56.651, 22 de jun. de 2023","0,1","0,0","541.065.216","245.109.960","4.449","0","647","644"
"09:15:57.651, 22 de jun. de 2023","0,1","0,0","541.065.216","247.053.000","4.449","0","647","644"
"09:15:58.652, 22 de jun. de 2023","0,1","0,0","541.065.216","248.996.152","4.449","0","647","644"
"09:15:59.652, 22 de jun. de 2023","0,1","0,0","541.065.216","251.396.152","4.449","0","647","644"
"09:16:00.653, 22 de jun. de 2023","0,1","0,0","541.065.216","253.316.680","4.449","0","647","644"
"09:16:01.653, 22 de jun. de 2023","0,1","0,0","541.065.216","255.282.296","4.449","0","647","644"
"09:16:02.654, 22 de jun. de 2023","0,1","0,0","541.065.216","257.228.000","4.449","0","647","644"
"09:16:03.654, 22 de jun. de 2023","0,1","0,0","541.065.216","259.171.096","4.449","0","647","644"
"09:16:04.655, 22 de jun. de 2023","0,2","0,0","541.065.216","261.571.104","4.449","0","647","644"
"09:16:05.655, 22 de jun. de 2023","0,1","0,0","541.065.216","263.491.616","4.449","0","647","644"
"09:16:06.656, 22 de jun. de 2023","0,1","0,0","541.065.216","265.472.872","4.449","0","647","644"
"09:16:07.656, 22 de jun. de 2023","0,1","0,0","541.065.216","267.393.392","4.449","0","647","644"
"09:16:08.657, 22 de jun. de 2023","0,2","0,0","462.946.304","163.167.552","4.449","0","647","644"
"09:16:09.657, 22 de jun. de 2023","0,1","0,0","462.946.304","165.126.488","4.449","0","647","644"
"09:16:10.658, 22 de jun. de 2023","0,2","0,0","462.946.304","166.989.912","4.449","0","647","644"
"09:16:11.658, 22 de jun. de 2023","0,1","0,0","462.946.304","168.853.352","4.449","0","647","644"
"09:16:12.659, 22 de jun. de 2023","0,1","0,0","462.946.304","171.337.648","4.449","0","647","644"
"09:16:13.659, 22 de jun. de 2023","0,1","0,0","462.946.304","173.246.232","4.449","0","647","644"
"09:16:14.660, 22 de jun. de 2023","0,1","0,0","462.946.304","175.132.248","4.449","0","647","644"
"09:16:15.660, 22 de jun. de 2023","0,1","0,0","462.946.304","176.997.088","4.449","0","647","644"
"09:16:16.661, 22 de jun. de 2023","0,1","0,0","462.946.304","179.505.080","4.449","0","647","644"
"09:16:17.661, 22 de jun. de 2023","0,1","0,0","462.946.304","181.413.624","4.449","0","647","644"
"09:16:18.662, 22 de jun. de 2023","0,2","0,0","462.946.304","183.274.416","4.449","0","647","644"
"09:16:19.662, 22 de jun. de 2023","0,1","0,0","462.946.304","185.137.944","4.449","0","647","644"
"09:16:20.663, 22 de jun. de 2023","0,1","0,0","462.946.304","187.621.744","4.449","0","647","644"
"09:16:21.663, 22 de jun. de 2023","0,1","0,0","462.946.304","189.530.248","4.449","0","647","644"
"09:16:22.664, 22 de jun. de 2023","0,1","0,0","462.946.304","191.416.248","4.449","0","647","644"
"09:16:23.664, 22 de jun. de 2023","0,1","0,0","462.946.304","193.281.184","4.449","0","647","644"
"09:16:24.665, 22 de jun. de 2023","0,2","0,0","462.946.304","195.764.944","4.449","0","647","644"
"09:16:25.665, 22 de jun. de 2023","0,1","0,0","462.946.304","197.673.536","4.449","0","647","644"
"09:16:26.666, 22 de jun. de 2023","0,1","0,0","462.946.304","199.583.520","4.449","0","647","644"
"09:16:27.666, 22 de jun. de 2023","0,1","0,0","462.946.304","201.448.432","4.449","0","647","644"
"09:16:28.667, 22 de jun. de 2023","0,1","0,0","462.946.304","203.932.200","4.449","0","647","644"
"09:16:29.667, 22 de jun. de 2023","0,1","0,0","462.946.304","205.840.760","4.449","0","647","644"
"09:16:30.668, 22 de jun. de 2023","0,1","0,0","462.946.304","207.704.280","4.449","0","647","644"
"09:16:31.668, 22 de jun. de 2023","0,1","0,0","462.946.304","209.567.776","4.449","0","647","644"
"09:16:32.669, 22 de jun. de 2023","0,1","0,0","462.946.304","212.056.672","4.449","0","647","644"
"09:16:33.669, 22 de jun. de 2023","0,1","0,0","462.946.304","213.965.208","4.449","0","647","644"
"09:16:34.670, 22 de jun. de 2023","0,1","0,0","462.946.304","215.853.896","4.449","0","647","644"
"09:16:35.670, 22 de jun. de 2023","0,2","0,0","462.946.304","217.718.376","4.449","0","647","644"
"09:16:36.671, 22 de jun. de 2023","0,1","0,0","462.946.304","220.233.912","4.449","0","647","644"
"09:16:37.671, 22 de jun. de 2023","0,0","0,0","462.946.304","222.142.440","4.449","0","647","644"
"09:16:38.672, 22 de jun. de 2023","0,2","0,0","462.946.304","224.224.368","4.449","0","565","562"
"09:16:39.673, 22 de jun. de 2023","0,2","0,0","462.946.304","226.121.096","4.449","0","565","562"
"09:16:40.673, 22 de jun. de 2023","0,1","0,0","462.946.304","228.029.608","4.449","0","565","562"
"09:16:41.674, 22 de jun. de 2023","0,1","0,0","462.946.304","229.893.032","4.449","0","565","562"
"09:16:42.674, 22 de jun. de 2023","0,1","0,0","462.946.304","231.799.128","4.449","0","549","546"
"09:16:43.675, 22 de jun. de 2023","0,1","0,0","462.946.304","233.662.568","4.449","0","549","546"
"09:16:44.675, 22 de jun. de 2023","0,0","0,0","462.946.304","234.905.816","4.449","0","549","546"
"09:16:45.676, 22 de jun. de 2023","0,2","0,0","462.946.304","236.772.056","4.449","0","549","546"
"09:16:46.676, 22 de jun. de 2023","0,1","0,0","462.946.304","238.722.008","4.449","0","534","531"
"09:16:47.677, 22 de jun. de 2023","0,1","0,0","462.946.304","240.633.184","4.449","0","534","531"
"09:16:48.677, 22 de jun. de 2023","0,7","0,0","462.946.304","243.260.696","4.449","0","20","17"
"09:16:49.678, 22 de jun. de 2023","0,0","0,0","462.946.304","243.883.648","4.449","0","20","17"
"09:16:50.678, 22 de jun. de 2023","0,0","0,0","462.946.304","243.886.320","4.449","0","20","17"
"09:16:51.679, 22 de jun. de 2023","0,1","0,0","462.946.304","244.509.264","4.449","0","20","17"
"09:16:52.679, 22 de jun. de 2023","0,0","0,0","462.946.304","244.511.936","4.449","0","20","17"
"09:16:53.680, 22 de jun. de 2023","0,0","0,0","462.946.304","245.135.880","4.449","0","20","17"
"09:16:54.680, 22 de jun. de 2023","0,1","0,0","462.946.304","245.138.552","4.449","0","20","17"
"09:16:55.681, 22 de jun. de 2023","0,0","0,0","462.946.304","245.141.224","4.449","0","20","17"
"09:16:56.681, 22 de jun. de 2023","0,0","0,0","462.946.304","245.793.448","4.449","0","20","17"
"09:16:57.681, 22 de jun. de 2023","0,1","0,0","462.946.304","245.796.120","4.449","0","20","17"
"09:16:58.682, 22 de jun. de 2023","0,1","0,0","462.946.304","246.420.448","4.449","0","20","17"
"09:16:59.682, 22 de jun. de 2023","0,0","0,0","462.946.304","246.423.120","4.449","0","20","17"
"09:17:00.683, 22 de jun. de 2023","0,0","0,0","462.946.304","247.046.080","4.449","0","20","17"
"09:17:01.683, 22 de jun. de 2023","0,1","0,0","462.946.304","247.048.752","4.449","0","20","17"
"09:17:02.684, 22 de jun. de 2023","0,0","0,0","462.946.304","247.051.424","4.449","0","20","17"
"09:17:03.684, 22 de jun. de 2023","0,0","0,0","462.946.304","247.674.856","4.449","0","20","17"
"09:17:04.685, 22 de jun. de 2023","0,1","0,0","462.946.304","247.677.528","4.449","0","20","17"
"09:17:05.685, 22 de jun. de 2023","0,0","0,0","462.946.304","248.301.472","4.449","0","20","17"
"09:17:06.686, 22 de jun. de 2023","0,1","0,0","462.946.304","248.328.072","4.449","0","20","17"
"09:17:07.686, 22 de jun. de 2023","0,0","0,0","462.946.304","248.952.016","4.449","0","20","17"
"09:17:08.686, 22 de jun. de 2023","0,1","0,0","462.946.304","248.954.688","4.449","0","20","17"
"09:17:09.687, 22 de jun. de 2023","0,0","0,0","462.946.304","248.957.360","4.449","0","20","17"
"09:17:10.688, 22 de jun. de 2023","0,0","0,0","462.946.304","249.580.280","4.449","0","20","17"
"09:17:11.688, 22 de jun. de 2023","0,1","0,0","462.946.304","249.582.952","4.449","0","20","17"
"09:17:12.688, 22 de jun. de 2023","0,1","0,0","462.946.304","250.206.896","4.449","0","20","17"
"09:17:13.689, 22 de jun. de 2023","0,0","0,0","462.946.304","250.209.568","4.449","0","20","17"
"09:17:14.689, 22 de jun. de 2023","0,0","0,0","462.946.304","250.212.240","4.449","0","20","17"
"09:17:15.690, 22 de jun. de 2023","0,0","0,0","462.946.304","250.835.224","4.449","0","20","17"
"09:17:16.690, 22 de jun. de 2023","0,1","0,0","462.946.304","250.867.128","4.449","0","20","17"
"09:17:17.691, 22 de jun. de 2023","0,0","0,0","462.946.304","251.492.744","4.449","0","20","17"
"09:17:18.691, 22 de jun. de 2023","11,6","0,0","526.909.440","231.639.920","4.449","0","749","746"
"09:17:19.691, 22 de jun. de 2023","17,8","0,0","526.909.440","257.882.832","4.449","0","749","746"
"09:17:20.691, 22 de jun. de 2023","19,2","0,1","497.549.312","220.482.512","4.449","0","749","746"
"09:17:21.691, 22 de jun. de 2023","18,1","0,0","497.549.312","247.596.544","4.449","0","749","746"
"09:17:22.691, 22 de jun. de 2023","17,8","0,0","497.549.312","274.385.872","4.449","0","749","746"
"09:17:23.691, 22 de jun. de 2023","18,0","0,0","497.549.312","301.362.232","4.449","0","749","746"
"09:17:24.691, 22 de jun. de 2023","18,7","0,0","525.860.864","224.293.464","4.449","0","749","746"
"09:17:25.692, 22 de jun. de 2023","18,2","0,0","525.860.864","251.345.888","4.449","0","749","746"
"09:17:26.692, 22 de jun. de 2023","18,2","0,0","525.860.864","278.699.880","4.449","0","749","746"
"09:17:27.692, 22 de jun. de 2023","18,5","0,0","525.860.864","305.934.056","4.449","0","749","746"
"09:17:28.692, 22 de jun. de 2023","9,7","0,0","455.606.272","224.928.504","4.449","0","749","746"
"09:17:29.692, 22 de jun. de 2023","0,3","0,0","455.606.272","227.328.520","4.449","0","749","746"
"09:17:30.693, 22 de jun. de 2023","1,1","0,0","455.606.272","229.431.072","4.449","0","749","746"
"09:17:31.694, 22 de jun. de 2023","0,1","0,0","455.606.272","231.831.576","4.449","0","749","746"
"09:17:32.694, 22 de jun. de 2023","0,2","0,0","455.606.272","233.889.072","4.449","0","749","746"
"09:17:33.694, 22 de jun. de 2023","0,1","0,0","455.606.272","236.289.000","4.449","0","749","746"
"09:17:34.695, 22 de jun. de 2023","0,1","0,0","455.606.272","238.695.568","4.449","0","749","746"
"09:17:35.695, 22 de jun. de 2023","0,1","0,0","455.606.272","240.753.080","4.449","0","749","746"
"09:17:36.696, 22 de jun. de 2023","0,1","0,0","455.606.272","243.177.584","4.449","0","749","746"
"09:17:37.696, 22 de jun. de 2023","0,2","0,0","455.606.272","245.578.464","4.449","0","749","746"
"09:17:38.697, 22 de jun. de 2023","0,1","0,0","455.606.272","247.635.904","4.449","0","749","746"
"09:17:39.697, 22 de jun. de 2023","0,1","0,0","455.606.272","250.058.880","4.449","0","749","746"
"09:17:40.697, 22 de jun. de 2023","0,1","0,0","455.606.272","252.458.808","4.449","0","749","746"
"09:17:41.698, 22 de jun. de 2023","0,1","0,0","455.606.272","254.561.320","4.449","0","749","746"
"09:17:42.698, 22 de jun. de 2023","0,1","0,0","455.606.272","256.983.808","4.449","0","749","746"
"09:17:43.699, 22 de jun. de 2023","0,2","0,0","455.606.272","259.383.824","4.449","0","749","746"
"09:17:44.699, 22 de jun. de 2023","0,1","0,0","455.606.272","261.486.424","4.449","0","749","746"
"09:17:45.700, 22 de jun. de 2023","0,1","0,0","455.606.272","263.884.240","4.449","0","749","746"
"09:17:46.700, 22 de jun. de 2023","0,1","0,0","455.606.272","265.968.424","4.449","0","749","746"
"09:17:47.701, 22 de jun. de 2023","0,1","0,0","455.606.272","268.369.448","4.449","0","749","746"
"09:17:48.701, 22 de jun. de 2023","0,1","0,0","455.606.272","270.770.352","4.449","0","749","746"
"09:17:49.702, 22 de jun. de 2023","0,1","0,0","455.606.272","272.827.808","4.449","0","749","746"
"09:17:50.702, 22 de jun. de 2023","0,1","0,0","455.606.272","275.230.792","4.449","0","749","746"
"09:17:51.703, 22 de jun. de 2023","0,1","0,0","455.606.272","277.630.720","4.449","0","749","746"
"09:17:52.703, 22 de jun. de 2023","0,1","0,0","455.606.272","279.733.240","4.449","0","749","746"
"09:17:53.704, 22 de jun. de 2023","0,2","0,0","455.606.272","282.155.696","4.449","0","749","746"
"09:17:54.704, 22 de jun. de 2023","0,1","0,0","455.606.272","284.555.624","4.449","0","749","746"
"09:17:55.705, 22 de jun. de 2023","0,2","0,0","455.606.272","286.660.864","4.449","0","749","746"
"09:17:56.705, 22 de jun. de 2023","0,1","0,0","455.606.272","289.085.104","4.449","0","749","746"
"09:17:57.706, 22 de jun. de 2023","0,0","0,0","455.606.272","291.142.648","4.449","0","749","746"
"09:17:58.706, 22 de jun. de 2023","0,2","0,0","455.606.272","293.543.624","4.449","0","749","746"
"09:17:59.707, 22 de jun. de 2023","0,1","0,0","455.606.272","295.944.128","4.449","0","749","746"
"09:18:00.707, 22 de jun. de 2023","0,2","0,0","455.606.272","298.001.640","4.449","0","749","746"
"09:18:01.708, 22 de jun. de 2023","0,1","0,0","455.606.272","300.404.624","4.449","0","749","746"
"09:18:02.708, 22 de jun. de 2023","0,1","0,0","455.606.272","302.805.616","4.449","0","749","746"
"09:18:03.709, 22 de jun. de 2023","0,1","0,0","455.606.272","304.910.936","4.449","0","749","746"
"09:18:04.709, 22 de jun. de 2023","0,3","0,0","518.520.832","211.341.720","4.449","0","749","746"
"09:18:05.710, 22 de jun. de 2023","0,1","0,0","518.520.832","213.707.280","4.449","0","749","746"
"09:18:06.710, 22 de jun. de 2023","0,1","0,0","518.520.832","216.097.384","4.449","0","749","746"
"09:18:07.711, 22 de jun. de 2023","0,1","0,0","518.520.832","217.674.952","4.449","0","749","746"
"09:18:08.711, 22 de jun. de 2023","0,4","0,0","518.520.832","220.040.448","4.449","0","749","746"
"09:18:09.712, 22 de jun. de 2023","0,1","0,0","518.520.832","222.405.552","4.449","0","749","746"
"09:18:10.712, 22 de jun. de 2023","0,1","0,0","518.520.832","224.781.808","4.449","0","749","746"
"09:18:11.713, 22 de jun. de 2023","0,1","0,0","518.520.832","227.169.408","4.449","0","749","746"
"09:18:12.713, 22 de jun. de 2023","0,1","0,0","518.520.832","229.624.576","4.449","0","749","746"
"09:18:13.713, 22 de jun. de 2023","0,1","0,0","518.520.832","231.989.600","4.449","0","749","746"
"09:18:14.714, 22 de jun. de 2023","0,1","0,0","518.520.832","234.355.648","4.449","0","749","746"
"09:18:15.714, 22 de jun. de 2023","0,1","0,0","518.520.832","235.933.208","4.449","0","749","746"
"09:18:16.715, 22 de jun. de 2023","0,1","0,0","518.520.832","238.322.200","4.449","0","749","746"
"09:18:17.715, 22 de jun. de 2023","0,1","0,0","518.520.832","240.687.216","4.449","0","749","746"
"09:18:18.716, 22 de jun. de 2023","0,3","0,0","518.520.832","243.528.040","4.449","0","573","570"
"09:18:19.716, 22 de jun. de 2023","0,1","0,0","518.520.832","245.108.296","4.449","0","573","570"
"09:18:20.717, 22 de jun. de 2023","0,1","0,0","518.520.832","247.560.952","4.449","0","557","554"
"09:18:21.717, 22 de jun. de 2023","0,1","0,0","518.520.832","249.138.520","4.449","0","557","554"
"09:18:22.718, 22 de jun. de 2023","0,1","0,0","518.520.832","250.716.080","4.449","0","557","554"
"09:18:23.718, 22 de jun. de 2023","0,1","0,0","518.520.832","253.082.160","4.449","0","557","554"
"09:18:24.719, 22 de jun. de 2023","0,1","0,0","518.520.832","254.808.416","4.449","0","536","533"
"09:18:25.719, 22 de jun. de 2023","0,1","0,0","518.520.832","256.385.968","4.449","0","536","533"
"09:18:26.720, 22 de jun. de 2023","0,1","0,0","518.520.832","258.008.224","4.449","0","536","533"
"09:18:27.720, 22 de jun. de 2023","0,1","0,0","518.520.832","259.588.784","4.449","0","535","532"
"09:18:28.721, 22 de jun. de 2023","0,6","0,0","518.520.832","262.538.200","4.449","0","20","17"
"09:18:29.721, 22 de jun. de 2023","0,0","0,0","518.520.832","263.329.328","4.449","0","20","17"
"09:18:30.722, 22 de jun. de 2023","0,0","0,0","518.520.832","263.332.000","4.449","0","20","17"
"09:18:31.722, 22 de jun. de 2023","0,1","0,0","518.520.832","263.337.328","4.449","0","20","17"
"09:18:32.723, 22 de jun. de 2023","0,1","0,0","518.520.832","264.127.440","4.449","0","20","17"
"09:18:33.723, 22 de jun. de 2023","0,0","0,0","518.520.832","264.130.112","4.449","0","20","17"
"09:18:34.724, 22 de jun. de 2023","0,1","0,0","518.520.832","264.132.784","4.449","0","20","17"
"09:18:35.724, 22 de jun. de 2023","0,0","0,0","518.520.832","264.922.928","4.449","0","20","17"
"09:18:36.724, 22 de jun. de 2023","0,0","0,0","518.520.832","264.949.656","4.449","0","20","17"
"09:18:37.725, 22 de jun. de 2023","0,0","0,0","518.520.832","264.952.328","4.449","0","20","17"
"09:18:38.726, 22 de jun. de 2023","0,1","0,0","518.520.832","265.742.464","4.449","0","20","17"
"09:18:39.726, 22 de jun. de 2023","0,0","0,0","518.520.832","265.757.944","4.449","0","20","17"
"09:18:40.727, 22 de jun. de 2023","0,0","0,0","518.520.832","265.760.616","4.449","0","20","17"
"09:18:41.727, 22 de jun. de 2023","0,1","0,0","518.520.832","266.551.744","4.449","0","20","17"
"09:18:42.728, 22 de jun. de 2023","0,1","0,0","518.520.832","266.554.416","4.449","0","20","17"
"09:18:43.728, 22 de jun. de 2023","0,0","0,0","518.520.832","266.557.088","4.449","0","20","17"
"09:18:44.729, 22 de jun. de 2023","0,0","0,0","518.520.832","267.349.864","4.449","0","20","17"
"09:18:45.729, 22 de jun. de 2023","0,1","0,0","518.520.832","267.352.536","4.449","0","20","17"
"09:18:46.729, 22 de jun. de 2023","0,0","0,0","518.520.832","267.379.312","4.449","0","20","17"
"09:18:47.730, 22 de jun. de 2023","0,0","0,0","518.520.832","268.173.112","4.449","0","20","17"
"09:18:48.730, 22 de jun. de 2023","0,1","0,0","518.520.832","268.175.784","4.449","0","20","17"
"09:18:49.731, 22 de jun. de 2023","0,0","0,0","518.520.832","268.178.456","4.449","0","20","17"
"09:18:50.731, 22 de jun. de 2023","0,0","0,0","518.520.832","268.969.072","4.449","0","20","17"
"09:18:51.732, 22 de jun. de 2023","0,0","0,0","518.520.832","268.971.744","4.449","0","20","17"
"09:18:52.732, 22 de jun. de 2023","0,1","0,0","518.520.832","268.974.416","4.449","0","20","17"
"09:18:53.733, 22 de jun. de 2023","0,0","0,0","518.520.832","269.764.536","4.449","0","20","17"
"09:18:54.733, 22 de jun. de 2023","0,0","0,0","518.520.832","269.769.864","4.449","0","20","17"
"09:18:55.734, 22 de jun. de 2023","0,1","0,0","518.520.832","269.772.536","4.449","0","20","17"
"09:18:56.734, 22 de jun. de 2023","0,1","0,0","518.520.832","270.586.864","4.449","0","20","17"
"09:18:57.735, 22 de jun. de 2023","0,0","0,0","518.520.832","270.589.536","4.449","0","20","17"
"09:18:58.735, 22 de jun. de 2023","10,2","0,0","484.442.112","269.419.064","4.449","0","684","681"
"09:18:59.735, 22 de jun. de 2023","17,7","0,0","484.442.112","296.760.656","4.449","0","684","681"
"09:19:00.735, 22 de jun. de 2023","18,1","0,0","484.442.112","324.343.736","4.449","0","684","681"
"09:19:01.735, 22 de jun. de 2023","18,6","0,1","508.559.360","274.154.320","4.449","0","684","681"
"09:19:02.735, 22 de jun. de 2023","18,1","0,0","508.559.360","300.624.864","4.449","0","684","681"
"09:19:03.736, 22 de jun. de 2023","17,8","0,0","508.559.360","328.122.448","4.449","0","684","681"
"09:19:04.736, 22 de jun. de 2023","18,7","0,0","449.314.816","263.506.920","4.449","0","684","681"
"09:19:05.736, 22 de jun. de 2023","18,0","0,0","449.314.816","291.354.128","4.449","0","684","681"
"09:19:06.736, 22 de jun. de 2023","18,5","0,0","449.314.816","318.353.312","4.449","0","684","681"
"09:19:07.736, 22 de jun. de 2023","18,4","0,0","504.889.344","256.465.976","4.449","0","684","681"
"09:19:08.737, 22 de jun. de 2023","11,7","0,0","504.889.344","274.920.736","4.449","0","684","681"
"09:19:09.737, 22 de jun. de 2023","0,1","0,0","504.889.344","277.171.776","4.449","0","684","681"
"09:19:10.738, 22 de jun. de 2023","0,1","0,0","504.889.344","279.421.720","4.449","0","684","681"
"09:19:11.738, 22 de jun. de 2023","0,1","0,0","504.889.344","281.402.200","4.449","0","684","681"
"09:19:12.739, 22 de jun. de 2023","0,1","0,0","504.889.344","283.607.528","4.449","0","684","681"
"09:19:13.739, 22 de jun. de 2023","0,1","0,0","504.889.344","285.812.944","4.449","0","684","681"
"09:19:14.739, 22 de jun. de 2023","0,1","0,0","504.889.344","287.793.440","4.449","0","684","681"
"09:19:15.740, 22 de jun. de 2023","0,2","0,0","504.889.344","289.998.528","4.449","0","684","681"
"09:19:16.740, 22 de jun. de 2023","0,1","0,0","504.889.344","292.239.688","4.449","0","684","681"
"09:19:17.741, 22 de jun. de 2023","0,2","0,0","504.889.344","294.175.080","4.449","0","684","681"
"09:19:18.741, 22 de jun. de 2023","0,1","0,0","504.889.344","296.380.016","4.449","0","684","681"
"09:19:19.742, 22 de jun. de 2023","0,1","0,0","504.889.344","298.585.912","4.449","0","684","681"
"09:19:20.742, 22 de jun. de 2023","0,1","0,0","504.889.344","300.566.472","4.449","0","684","681"
"09:19:21.743, 22 de jun. de 2023","0,1","0,0","504.889.344","302.771.512","4.449","0","684","681"
"09:19:22.743, 22 de jun. de 2023","0,1","0,0","504.889.344","304.988.712","4.449","0","684","681"
"09:19:23.744, 22 de jun. de 2023","0,1","0,0","504.889.344","306.924.168","4.449","0","684","681"
"09:19:24.744, 22 de jun. de 2023","0,1","0,0","504.889.344","309.140.352","4.449","0","684","681"
"09:19:25.745, 22 de jun. de 2023","0,1","0,0","504.889.344","311.345.320","4.449","0","684","681"
"09:19:26.745, 22 de jun. de 2023","0,1","0,0","504.889.344","313.349.912","4.449","0","684","681"
"09:19:27.746, 22 de jun. de 2023","0,2","0,0","504.889.344","315.554.856","4.449","0","684","681"
"09:19:28.746, 22 de jun. de 2023","0,1","0,0","504.889.344","317.771.480","4.449","0","684","681"
"09:19:29.746, 22 de jun. de 2023","0,1","0,0","504.889.344","319.706.864","4.449","0","684","681"
"09:19:30.747, 22 de jun. de 2023","0,1","0,0","504.889.344","321.911.696","4.449","0","684","681"
"09:19:31.748, 22 de jun. de 2023","0,0","0,0","504.889.344","324.120.248","4.449","0","684","681"
"09:19:32.748, 22 de jun. de 2023","0,1","0,0","504.889.344","326.100.648","4.449","0","684","681"
"09:19:33.749, 22 de jun. de 2023","0,1","0,0","504.889.344","328.305.512","4.449","0","684","681"
"09:19:34.749, 22 de jun. de 2023","0,2","0,0","504.889.344","330.510.344","4.449","0","684","681"
"09:19:35.750, 22 de jun. de 2023","0,0","0,0","504.889.344","332.490.824","4.449","0","684","681"
"09:19:36.750, 22 de jun. de 2023","0,2","0,0","504.889.344","334.720.640","4.449","0","684","681"
"09:19:37.750, 22 de jun. de 2023","0,1","0,0","504.889.344","336.936.808","4.449","0","684","681"
"09:19:38.751, 22 de jun. de 2023","0,1","0,0","504.889.344","338.874.944","4.449","0","684","681"
"09:19:39.751, 22 de jun. de 2023","0,1","0,0","504.889.344","341.087.656","4.449","0","684","681"
"09:19:40.752, 22 de jun. de 2023","0,2","0,0","446.693.376","255.855.320","4.449","0","684","681"
"09:19:41.752, 22 de jun. de 2023","0,1","0,0","446.693.376","257.993.120","4.449","0","684","681"
"09:19:42.753, 22 de jun. de 2023","0,1","0,0","446.693.376","260.125.600","4.449","0","684","681"
"09:19:43.753, 22 de jun. de 2023","0,1","0,0","446.693.376","262.258.056","4.449","0","684","681"
"09:19:44.754, 22 de jun. de 2023","0,2","0,0","446.693.376","264.390.528","4.449","0","684","681"
"09:19:45.754, 22 de jun. de 2023","0,1","0,0","446.693.376","266.523.048","4.449","0","684","681"
"09:19:46.755, 22 de jun. de 2023","0,1","0,0","446.693.376","268.634.432","4.449","0","684","681"
"09:19:47.755, 22 de jun. de 2023","0,1","0,0","446.693.376","270.721.808","4.449","0","684","681"
"09:19:48.756, 22 de jun. de 2023","0,1","0,0","446.693.376","272.775.392","4.449","0","684","681"
"09:19:49.756, 22 de jun. de 2023","0,1","0,0","446.693.376","274.840.240","4.449","0","684","681"
"09:19:50.757, 22 de jun. de 2023","0,1","0,0","446.693.376","276.882.608","4.449","0","684","681"
"09:19:51.757, 22 de jun. de 2023","0,1","0,0","446.693.376","278.925.024","4.449","0","684","681"
"09:19:52.757, 22 de jun. de 2023","0,1","0,0","446.693.376","280.967.432","4.449","0","684","681"
"09:19:53.758, 22 de jun. de 2023","0,1","0,0","446.693.376","283.690.656","4.449","0","684","681"
"09:19:54.758, 22 de jun. de 2023","0,1","0,0","446.693.376","285.732.976","4.449","0","684","681"
"09:19:55.759, 22 de jun. de 2023","0,1","0,0","446.693.376","287.775.280","4.449","0","684","681"
"09:19:56.759, 22 de jun. de 2023","0,1","0,0","446.693.376","289.934.568","4.449","0","684","681"
"09:19:57.760, 22 de jun. de 2023","0,2","0,0","446.693.376","292.067.048","4.449","0","684","681"
"09:19:58.760, 22 de jun. de 2023","0,2","0,0","446.693.376","294.495.208","4.449","0","573","570"
"09:19:59.761, 22 de jun. de 2023","0,1","0,0","446.693.376","296.423.384","4.449","0","573","570"
"09:20:00.761, 22 de jun. de 2023","0,1","0,0","446.693.376","298.471.824","4.449","0","573","570"
"09:20:01.762, 22 de jun. de 2023","0,1","0,0","446.693.376","300.665.584","4.449","0","550","547"
"09:20:02.762, 22 de jun. de 2023","0,1","0,0","446.693.376","302.028.032","4.449","0","550","547"
"09:20:03.763, 22 de jun. de 2023","0,1","0,0","446.693.376","304.070.416","4.449","0","550","547"
"09:20:04.763, 22 de jun. de 2023","0,2","0,0","446.693.376","306.153.224","4.449","0","535","532"
"09:20:05.764, 22 de jun. de 2023","0,1","0,0","446.693.376","307.526.912","4.449","0","535","532"
"09:20:06.764, 22 de jun. de 2023","0,1","0,0","446.693.376","309.595.928","4.449","0","535","532"
"09:20:07.765, 22 de jun. de 2023","0,1","0,0","446.693.376","310.961.168","4.449","0","535","532"
"09:20:08.765, 22 de jun. de 2023","0,6","0,0","446.693.376","314.375.304","4.449","0","20","17"
"09:20:09.766, 22 de jun. de 2023","0,0","0,0","446.693.376","314.377.960","4.449","0","20","17"
"09:20:10.766, 22 de jun. de 2023","0,1","0,0","446.693.376","314.380.632","4.449","0","20","17"
"09:20:11.767, 22 de jun. de 2023","0,1","0,0","446.693.376","315.063.216","4.449","0","20","17"
"09:20:12.767, 22 de jun. de 2023","0,0","0,0","446.693.376","315.065.888","4.449","0","20","17"
"09:20:13.768, 22 de jun. de 2023","0,0","0,0","446.693.376","315.751.120","4.449","0","20","17"
"09:20:14.768, 22 de jun. de 2023","0,1","0,0","446.693.376","315.753.792","4.449","0","20","17"
"09:20:15.769, 22 de jun. de 2023","0,0","0,0","446.693.376","315.756.464","4.449","0","20","17"
"09:20:16.769, 22 de jun. de 2023","0,0","0,0","446.693.376","316.463.536","4.449","0","20","17"
"09:20:17.770, 22 de jun. de 2023","0,1","0,0","446.693.376","316.466.208","4.449","0","20","17"
"09:20:18.770, 22 de jun. de 2023","0,0","0,0","446.693.376","317.148.832","4.449","0","20","17"
"09:20:19.771, 22 de jun. de 2023","0,1","0,0","446.693.376","317.151.488","4.449","0","20","17"
"09:20:20.771, 22 de jun. de 2023","0,0","0,0","446.693.376","317.154.144","4.449","0","20","17"
"09:20:21.772, 22 de jun. de 2023","0,1","0,0","446.693.376","317.837.696","4.449","0","20","17"
"09:20:22.772, 22 de jun. de 2023","0,0","0,0","446.693.376","317.840.352","4.449","0","20","17"
"09:20:23.773, 22 de jun. de 2023","0,0","0,0","446.693.376","317.843.064","4.449","0","20","17"
"09:20:24.773, 22 de jun. de 2023","0,0","0,0","446.693.376","318.528.304","4.449","0","20","17"
"09:20:25.774, 22 de jun. de 2023","0,0","0,0","446.693.376","318.530.960","4.449","0","20","17"
"09:20:26.774, 22 de jun. de 2023","0,1","0,0","446.693.376","319.238.424","4.449","0","20","17"
"09:20:27.775, 22 de jun. de 2023","0,1","0,0","446.693.376","319.241.080","4.449","0","20","17"
"09:20:28.775, 22 de jun. de 2023","0,0","0,0","446.693.376","319.243.736","4.449","0","20","17"
"09:20:29.776, 22 de jun. de 2023","0,1","0,0","446.693.376","319.926.288","4.449","0","20","17"
"09:20:30.776, 22 de jun. de 2023","0,0","0,0","446.693.376","319.928.944","4.449","0","20","17"
"09:20:31.777, 22 de jun. de 2023","0,0","0,0","446.693.376","319.931.600","4.449","0","20","17"
"09:20:32.777, 22 de jun. de 2023","0,1","0,0","446.693.376","320.614.136","4.449","0","20","17"
"09:20:33.778, 22 de jun. de 2023","0,0","0,0","446.693.376","320.616.792","4.449","0","20","17"
"09:20:34.778, 22 de jun. de 2023","0,0","0,0","446.693.376","321.302.016","4.449","0","20","17"
"09:20:35.779, 22 de jun. de 2023","0,0","0,0","446.693.376","321.304.672","4.449","0","20","17"
"09:20:36.779, 22 de jun. de 2023","0,1","0,0","446.693.376","321.331.408","4.449","0","20","17"
"09:20:37.780, 22 de jun. de 2023","0,0","0,0","446.693.376","322.013.976","4.449","0","20","17"
"09:20:38.780, 22 de jun. de 2023","9,1","0,0","496.500.736","314.014.872","4.449","0","706","703"
"09:20:39.780, 22 de jun. de 2023","17,7","0,0","496.500.736","340.986.008","4.449","0","706","703"
"09:20:40.780, 22 de jun. de 2023","19,1","0,1","498.597.888","314.955.912","4.449","0","706","703"
"09:20:41.780, 22 de jun. de 2023","17,5","0,0","498.597.888","342.368.792","4.449","0","706","703"
"09:20:42.780, 22 de jun. de 2023","18,5","0,0","498.597.888","369.374.448","4.449","0","706","703"
"09:20:43.780, 22 de jun. de 2023","18,1","0,0","494.927.872","310.406.648","4.449","0","706","703"
"09:20:44.780, 22 de jun. de 2023","18,6","0,0","494.927.872","338.313.952","4.449","0","706","703"
"09:20:45.781, 22 de jun. de 2023","17,8","0,0","494.927.872","365.764.264","4.449","0","706","703"
"09:20:46.781, 22 de jun. de 2023","18,8","0,0","440.401.920","312.127.120","4.449","0","706","703"
"09:20:47.781, 22 de jun. de 2023","18,0","0,0","440.401.920","340.110.744","4.449","0","706","703"
"09:20:48.781, 22 de jun. de 2023","12,8","0,0","440.401.920","360.697.064","4.449","0","706","703"
"09:20:49.782, 22 de jun. de 2023","0,1","0,0","440.401.920","362.818.360","4.449","0","706","703"
"09:20:50.782, 22 de jun. de 2023","0,2","0,0","440.401.920","365.026.920","4.449","0","706","703"
"09:20:51.783, 22 de jun. de 2023","0,1","0,0","440.401.920","367.190.528","4.449","0","706","703"
"09:20:52.783, 22 de jun. de 2023","0,1","0,0","440.401.920","369.354.008","4.449","0","706","703"
"09:20:53.784, 22 de jun. de 2023","0,1","0,0","440.401.920","371.562.656","4.449","0","706","703"
"09:20:54.784, 22 de jun. de 2023","0,1","0,0","440.401.920","373.728.936","4.449","0","706","703"
"09:20:55.785, 22 de jun. de 2023","0,1","0,0","440.401.920","375.937.552","4.449","0","706","703"
"09:20:56.785, 22 de jun. de 2023","0,2","0,0","440.401.920","378.125.160","4.449","0","706","703"
"09:20:57.786, 22 de jun. de 2023","0,1","0,0","440.401.920","380.288.776","4.449","0","706","703"
"09:20:58.786, 22 de jun. de 2023","0,2","0,0","488.636.416","301.206.000","4.449","0","706","703"
"09:20:59.787, 22 de jun. de 2023","0,1","0,0","488.636.416","303.068.656","4.449","0","706","703"
"09:21:00.787, 22 de jun. de 2023","0,1","0,0","488.636.416","305.297.848","4.449","0","706","703"
"09:21:01.788, 22 de jun. de 2023","0,0","0,0","488.636.416","307.616.672","4.449","0","706","703"
"09:21:02.788, 22 de jun. de 2023","0,1","0,0","488.636.416","309.850.472","4.449","0","706","703"
"09:21:03.789, 22 de jun. de 2023","0,2","0,0","488.636.416","312.078.752","4.449","0","706","703"
"09:21:04.789, 22 de jun. de 2023","0,1","0,0","488.636.416","313.981.176","4.449","0","706","703"
"09:21:05.790, 22 de jun. de 2023","0,1","0,0","488.636.416","316.209.376","4.449","0","706","703"
"09:21:06.790, 22 de jun. de 2023","0,2","0,0","488.636.416","318.506.600","4.449","0","706","703"
"09:21:07.791, 22 de jun. de 2023","0,1","0,0","488.636.416","320.734.856","4.449","0","706","703"
"09:21:08.791, 22 de jun. de 2023","0,1","0,0","488.636.416","322.963.048","4.449","0","706","703"
"09:21:09.792, 22 de jun. de 2023","0,1","0,0","488.636.416","325.196.888","4.449","0","706","703"
"09:21:10.792, 22 de jun. de 2023","0,1","0,0","488.636.416","327.076.776","4.449","0","706","703"
"09:21:11.793, 22 de jun. de 2023","0,1","0,0","488.636.416","329.305.056","4.449","0","706","703"
"09:21:12.793, 22 de jun. de 2023","0,1","0,0","488.636.416","331.579.320","4.449","0","706","703"
"09:21:13.794, 22 de jun. de 2023","0,1","0,0","488.636.416","333.807.528","4.449","0","706","703"
"09:21:14.794, 22 de jun. de 2023","0,1","0,0","488.636.416","336.041.344","4.449","0","706","703"
"09:21:15.795, 22 de jun. de 2023","0,2","0,0","488.636.416","338.269.576","4.449","0","706","703"
"09:21:16.795, 22 de jun. de 2023","0,2","0,0","488.636.416","340.195.864","4.449","0","706","703"
"09:21:17.796, 22 de jun. de 2023","0,0","0,0","488.636.416","342.469.136","4.449","0","706","703"
"09:21:18.796, 22 de jun. de 2023","0,1","0,0","488.636.416","344.702.984","4.449","0","706","703"
"09:21:19.797, 22 de jun. de 2023","0,1","0,0","488.636.416","346.953.784","4.449","0","706","703"
"09:21:20.797, 22 de jun. de 2023","0,1","0,0","488.636.416","349.194.232","4.449","0","706","703"
"09:21:21.797, 22 de jun. de 2023","0,1","0,0","488.636.416","351.094.000","4.449","0","706","703"
"09:21:22.798, 22 de jun. de 2023","0,2","0,0","488.636.416","353.370.928","4.449","0","706","703"
"09:21:23.798, 22 de jun. de 2023","0,1","0,0","488.636.416","355.604.784","4.449","0","706","703"
"09:21:24.799, 22 de jun. de 2023","0,1","0,0","488.636.416","357.835.664","4.449","0","706","703"
"09:21:25.800, 22 de jun. de 2023","0,1","0,0","488.636.416","360.069.544","4.449","0","706","703"
"09:21:26.800, 22 de jun. de 2023","0,1","0,0","488.636.416","362.324.392","4.449","0","706","703"
"09:21:27.800, 22 de jun. de 2023","0,1","0,0","488.636.416","364.226.800","4.449","0","706","703"
"09:21:28.800, 22 de jun. de 2023","0,1","0,0","488.636.416","366.545.168","4.449","0","706","703"
"09:21:29.800, 22 de jun. de 2023","0,1","0,0","488.636.416","368.795.864","4.449","0","706","703"
"09:21:30.800, 22 de jun. de 2023","0,1","0,0","488.636.416","371.036.352","4.449","0","706","703"
"09:21:31.801, 22 de jun. de 2023","0,2","0,0","488.636.416","372.938.760","4.449","0","706","703"
"09:21:32.801, 22 de jun. de 2023","0,1","0,0","488.636.416","375.212.480","4.449","0","706","703"
"09:21:33.802, 22 de jun. de 2023","0,1","0,0","488.636.416","377.446.312","4.449","0","706","703"
"09:21:34.802, 22 de jun. de 2023","0,2","0,0","488.636.416","379.674.552","4.449","0","706","703"
"09:21:35.803, 22 de jun. de 2023","0,1","0,0","438.829.056","302.919.240","4.449","0","706","703"
"09:21:36.803, 22 de jun. de 2023","0,2","0,0","438.829.056","305.335.000","4.449","0","706","703"
"09:21:37.804, 22 de jun. de 2023","0,1","0,0","438.829.056","307.755.176","4.449","0","706","703"
"09:21:38.804, 22 de jun. de 2023","0,2","0,0","438.829.056","310.484.600","4.449","0","573","570"
"09:21:39.804, 22 de jun. de 2023","0,1","0,0","438.829.056","312.071.824","4.449","0","573","570"
"09:21:40.805, 22 de jun. de 2023","0,1","0,0","438.829.056","313.698.728","4.449","0","557","554"
"09:21:41.805, 22 de jun. de 2023","0,1","0,0","438.829.056","315.283.056","4.449","0","557","554"
"09:21:42.806, 22 de jun. de 2023","0,1","0,0","438.829.056","317.659.152","4.449","0","557","554"
"09:21:43.806, 22 de jun. de 2023","0,1","0,0","438.829.056","319.313.872","4.449","0","539","536"
"09:21:44.806, 22 de jun. de 2023","0,1","0,0","438.829.056","320.898.224","4.449","0","539","536"
"09:21:45.807, 22 de jun. de 2023","0,1","0,0","438.829.056","322.482.504","4.449","0","539","536"
"09:21:46.807, 22 de jun. de 2023","0,1","0,0","438.829.056","324.890.592","4.449","0","536","533"
"09:21:47.808, 22 de jun. de 2023","0,1","0,0","438.829.056","326.522.616","4.449","0","535","532"
"09:21:48.808, 22 de jun. de 2023","0,6","0,0","438.829.056","329.478.640","4.449","0","20","17"
"09:21:49.809, 22 de jun. de 2023","0,0","0,0","438.829.056","329.481.312","4.449","0","20","17"
"09:21:50.809, 22 de jun. de 2023","0,1","0,0","438.829.056","329.483.984","4.449","0","20","17"
"09:21:51.809, 22 de jun. de 2023","0,0","0,0","438.829.056","330.277.488","4.449","0","20","17"
"09:21:52.810, 22 de jun. de 2023","0,0","0,0","438.829.056","330.280.160","4.449","0","20","17"
"09:21:53.810, 22 de jun. de 2023","0,1","0,0","438.829.056","330.282.832","4.449","0","20","17"
"09:21:54.811, 22 de jun. de 2023","0,0","0,0","438.829.056","331.076.808","4.449","0","20","17"
"09:21:55.811, 22 de jun. de 2023","0,1","0,0","438.829.056","331.079.480","4.449","0","20","17"
"09:21:56.811, 22 de jun. de 2023","0,0","0,0","438.829.056","331.108.888","4.449","0","20","17"
"09:21:57.812, 22 de jun. de 2023","0,1","0,0","438.829.056","331.903.376","4.449","0","20","17"
"09:21:58.812, 22 de jun. de 2023","0,0","0,0","438.829.056","331.906.048","4.449","0","20","17"
"09:21:59.813, 22 de jun. de 2023","0,0","0,0","438.829.056","331.908.720","4.449","0","20","17"
"09:22:00.813, 22 de jun. de 2023","0,1","0,0","438.829.056","332.702.224","4.449","0","20","17"
"09:22:01.814, 22 de jun. de 2023","0,0","0,0","438.829.056","332.704.896","4.449","0","20","17"
"09:22:02.814, 22 de jun. de 2023","0,1","0,0","438.829.056","332.710.248","4.449","0","20","17"
"09:22:03.815, 22 de jun. de 2023","0,0","0,0","438.829.056","333.503.744","4.449","0","20","17"
"09:22:04.815, 22 de jun. de 2023","0,1","0,0","438.829.056","333.506.416","4.449","0","20","17"
"09:22:05.816, 22 de jun. de 2023","0,0","0,0","438.829.056","333.509.088","4.449","0","20","17"
"09:22:06.816, 22 de jun. de 2023","0,1","0,0","438.829.056","334.327.664","4.449","0","20","17"
"09:22:07.817, 22 de jun. de 2023","0,0","0,0","438.829.056","334.330.336","4.449","0","20","17"
"09:22:08.817, 22 de jun. de 2023","0,0","0,0","438.829.056","334.333.008","4.449","0","20","17"
"09:22:09.817, 22 de jun. de 2023","0,1","0,0","438.829.056","335.126.984","4.449","0","20","17"
"09:22:10.817, 22 de jun. de 2023","0,0","0,0","438.829.056","335.129.640","4.449","0","20","17"
"09:22:11.818, 22 de jun. de 2023","0,0","0,0","438.829.056","335.132.296","4.449","0","20","17"
"09:22:12.818, 22 de jun. de 2023","0,1","0,0","438.829.056","335.925.792","4.449","0","20","17"
"09:22:13.819, 22 de jun. de 2023","0,1","0,0","438.829.056","335.928.464","4.449","0","20","17"
"09:22:14.819, 22 de jun. de 2023","0,0","0,0","438.829.056","335.931.136","4.449","0","20","17"
"09:22:15.820, 22 de jun. de 2023","0,0","0,0","438.829.056","336.724.648","4.449","0","20","17"
"09:22:16.820, 22 de jun. de 2023","0,1","0,0","438.829.056","336.753.968","4.449","0","20","17"
"09:22:17.821, 22 de jun. de 2023","0,0","0,0","438.829.056","336.756.640","4.449","0","20","17"
"09:22:18.821, 22 de jun. de 2023","0,0","0,0","438.829.056","337.550.112","4.449","0","20","17"
"09:22:19.822, 22 de jun. de 2023","0,1","0,0","438.829.056","337.552.784","4.449","0","20","17"
"09:22:20.823, 22 de jun. de 2023","0,0","0,0","438.829.056","337.555.456","4.449","0","20","17"
"09:22:21.823, 22 de jun. de 2023","0,1","0,0","438.829.056","338.348.928","4.449","0","20","17"
"09:22:22.824, 22 de jun. de 2023","0,0","0,0","438.829.056","338.351.584","4.449","0","20","17"
"09:22:23.824, 22 de jun. de 2023","0,1","0,0","438.829.056","338.354.240","4.449","0","20","17"
"09:22:24.825, 22 de jun. de 2023","0,0","0,0","438.829.056","339.150.400","4.449","0","20","17"
"09:22:25.825, 22 de jun. de 2023","0,1","0,0","438.829.056","339.153.072","4.449","0","20","17"
"09:22:26.826, 22 de jun. de 2023","0,0","0,0","438.829.056","339.179.760","4.449","0","20","17"
"09:22:27.826, 22 de jun. de 2023","0,0","0,0","438.829.056","339.973.248","4.449","0","20","17"
"09:22:28.827, 22 de jun. de 2023","0,0","0,0","438.829.056","339.975.920","4.449","0","20","17"
"09:22:29.827, 22 de jun. de 2023","0,0","0,0","438.829.056","339.978.592","4.449","0","20","17"
"09:22:30.828, 22 de jun. de 2023","0,1","0,0","438.829.056","340.769.472","4.449","0","20","17"
"09:22:31.828, 22 de jun. de 2023","0,0","0,0","438.829.056","340.772.144","4.449","0","20","17"
"09:22:32.829, 22 de jun. de 2023","0,1","0,0","438.829.056","340.777.488","4.449","0","20","17"
"09:22:33.829, 22 de jun. de 2023","0,0","0,0","438.829.056","341.570.976","4.449","0","20","17"
"09:22:34.830, 22 de jun. de 2023","0,1","0,0","438.829.056","341.570.976","4.449","0","20","17"
"09:22:35.830, 22 de jun. de 2023","0,0","0,0","438.829.056","341.573.648","4.449","0","20","17"
"09:22:36.831, 22 de jun. de 2023","0,1","0,0","438.829.056","342.391.032","4.449","0","20","17"
"09:22:37.831, 22 de jun. de 2023","0,0","0,0","438.829.056","342.396.376","4.449","0","20","17"
"09:22:38.832, 22 de jun. de 2023","0,1","0,0","438.829.056","342.399.048","4.449","0","20","17"
"09:22:39.832, 22 de jun. de 2023","0,0","0,0","438.829.056","343.193.024","4.449","0","20","17"
"09:22:40.833, 22 de jun. de 2023","0,0","0,0","438.829.056","343.193.024","4.449","0","20","17"
"09:22:41.833, 22 de jun. de 2023","0,0","0,0","438.829.056","343.195.696","4.449","0","20","17"
"09:22:42.833, 22 de jun. de 2023","0,2","0,0","438.829.056","343.990.184","4.449","0","20","17"
"09:22:43.834, 22 de jun. de 2023","0,0","0,0","438.829.056","343.992.856","4.449","0","20","17"
"09:22:44.835, 22 de jun. de 2023","0,0","0,0","438.829.056","343.998.168","4.449","0","20","17"
"09:22:45.835, 22 de jun. de 2023","0,0","0,0","438.829.056","344.791.656","4.449","0","20","17"
"09:22:46.836, 22 de jun. de 2023","0,1","0,0","438.829.056","344.823.728","4.449","0","20","17"
"09:22:47.836, 22 de jun. de 2023","0,0","0,0","438.829.056","344.826.384","4.449","0","20","17"
"09:22:48.837, 22 de jun. de 2023","0,0","0,0","438.829.056","345.620.344","4.449","0","20","17"
"09:22:49.837, 22 de jun. de 2023","0,1","0,0","438.829.056","345.623.000","4.449","0","20","17"
"09:22:50.838, 22 de jun. de 2023","0,0","0,0","438.829.056","345.625.656","4.449","0","20","17"
"09:22:51.838, 22 de jun. de 2023","0,0","0,0","438.829.056","346.420.128","4.449","0","20","17"
"09:22:52.839, 22 de jun. de 2023","0,1","0,0","438.829.056","346.422.784","4.449","0","20","17"
"09:22:53.839, 22 de jun. de 2023","0,0","0,0","438.829.056","346.425.440","4.449","0","20","17"
"09:22:54.840, 22 de jun. de 2023","0,0","0,0","438.829.056","347.218.896","4.449","0","20","17"
"09:22:55.840, 22 de jun. de 2023","0,1","0,0","438.829.056","347.221.552","4.449","0","20","17"
"09:22:56.841, 22 de jun. de 2023","0,0","0,0","438.829.056","347.250.792","4.449","0","20","17"
"09:22:57.841, 22 de jun. de 2023","0,1","0,0","438.829.056","348.044.256","4.449","0","20","17"
"09:22:58.842, 22 de jun. de 2023","0,0","0,0","438.829.056","348.046.912","4.449","0","20","17"
"09:22:59.842, 22 de jun. de 2023","0,0","0,0","438.829.056","348.049.568","4.449","0","20","17"
"09:23:00.843, 22 de jun. de 2023","0,1","0,0","438.829.056","348.843.024","4.449","0","20","17"
"09:23:01.843, 22 de jun. de 2023","0,0","0,0","438.829.056","348.845.680","4.449","0","20","17"
"09:23:02.844, 22 de jun. de 2023","0,0","0,0","438.829.056","348.848.336","4.449","0","20","17"
"09:23:03.844, 22 de jun. de 2023","0,0","0,0","438.829.056","349.641.888","4.449","0","20","17"
"09:23:04.844, 22 de jun. de 2023","0,1","0,0","438.829.056","349.644.544","4.449","0","20","17"
"09:23:05.845, 22 de jun. de 2023","0,0","0,0","438.829.056","349.647.200","4.449","0","20","17"
"09:23:06.845, 22 de jun. de 2023","0,0","0,0","438.829.056","350.468.264","4.449","0","20","17"
"09:23:07.846, 22 de jun. de 2023","0,2","0,0","438.829.056","350.470.920","4.449","0","20","17"
"09:23:08.846, 22 de jun. de 2023","0,0","0,0","438.829.056","350.473.576","4.449","0","20","17"
"09:23:09.847, 22 de jun. de 2023","0,0","0,0","438.829.056","351.268.048","4.449","0","20","17"
"09:23:10.847, 22 de jun. de 2023","0,0","0,0","438.829.056","351.270.704","4.449","0","20","17"
"09:23:11.848, 22 de jun. de 2023","0,0","0,0","438.829.056","351.276.016","4.449","0","20","17"
"09:23:12.848, 22 de jun. de 2023","0,0","0,0","438.829.056","352.069.976","4.449","0","20","17"
"09:23:13.849, 22 de jun. de 2023","0,1","0,0","438.829.056","352.072.632","4.449","0","20","17"
"09:23:14.849, 22 de jun. de 2023","0,0","0,0","438.829.056","352.075.288","4.449","0","20","17"
"09:23:15.850, 22 de jun. de 2023","0,0","0,0","438.829.056","352.868.768","4.449","0","20","17"
"09:23:16.850, 22 de jun. de 2023","0,1","0,0","438.829.056","352.895.368","4.449","0","20","17"
"09:23:17.851, 22 de jun. de 2023","0,0","0,0","438.829.056","352.898.024","4.449","0","20","17"
"09:23:18.851, 22 de jun. de 2023","0,0","0,0","438.829.056","352.900.680","4.449","0","20","17"
"09:23:19.852, 22 de jun. de 2023","0,1","0,0","438.829.056","353.694.144","4.449","0","20","17"
"09:23:20.852, 22 de jun. de 2023","0,0","0,0","438.829.056","353.696.800","4.449","0","20","17"
"09:23:21.853, 22 de jun. de 2023","0,0","0,0","438.829.056","353.699.456","4.449","0","20","17"
"09:23:22.853, 22 de jun. de 2023","0,2","0,0","438.829.056","354.492.920","4.449","0","20","17"
"09:23:23.854, 22 de jun. de 2023","0,0","0,0","438.829.056","354.495.576","4.449","0","20","17"
"09:23:24.854, 22 de jun. de 2023","0,0","0,0","438.829.056","354.498.232","4.449","0","20","17"
"09:23:25.855, 22 de jun. de 2023","0,1","0,0","438.829.056","355.294.384","4.449","0","20","17"
"09:23:26.856, 22 de jun. de 2023","0,0","0,0","438.829.056","355.321.192","4.449","0","20","17"
"09:23:27.856, 22 de jun. de 2023","0,0","0,0","438.829.056","355.323.848","4.449","0","20","17"
"09:23:28.857, 22 de jun. de 2023","0,0","0,0","438.829.056","356.117.304","4.449","0","20","17"
"09:23:29.857, 22 de jun. de 2023","0,1","0,0","438.829.056","356.119.960","4.449","0","20","17"
"09:23:30.857, 22 de jun. de 2023","0,0","0,0","438.829.056","356.122.616","4.449","0","20","17"
"09:23:31.858, 22 de jun. de 2023","0,1","0,0","438.829.056","356.917.088","4.449","0","20","17"
"09:23:32.859, 22 de jun. de 2023","0,0","0,0","438.829.056","356.917.088","4.449","0","20","17"
"09:23:33.859, 22 de jun. de 2023","0,1","0,0","438.829.056","356.919.744","4.449","0","20","17"
"09:23:34.860, 22 de jun. de 2023","0,0","0,0","438.829.056","357.716.928","4.449","0","20","17"
"09:23:35.860, 22 de jun. de 2023","0,0","0,0","438.829.056","357.719.608","4.449","0","20","17"
"09:23:36.861, 22 de jun. de 2023","0,1","0,0","438.829.056","357.746.200","4.449","0","20","17"
"09:23:37.861, 22 de jun. de 2023","0,0","0,0","438.829.056","358.540.672","4.449","0","20","17"
"09:23:38.862, 22 de jun. de 2023","0,1","0,0","438.829.056","358.543.328","4.449","0","20","17"
"09:23:39.862, 22 de jun. de 2023","0,0","0,0","438.829.056","358.545.984","4.449","0","20","17"
"09:23:40.863, 22 de jun. de 2023","0,0","0,0","438.829.056","359.340.456","4.449","0","20","17"
"09:23:41.863, 22 de jun. de 2023","0,0","0,0","438.829.056","359.345.768","4.449","0","20","17"
"09:23:42.864, 22 de jun. de 2023","0,1","0,0","438.829.056","359.348.424","4.449","0","20","17"
"09:23:43.864, 22 de jun. de 2023","0,0","0,0","438.829.056","360.141.888","4.449","0","20","17"
"09:23:44.865, 22 de jun. de 2023","0,1","0,0","438.829.056","360.144.544","4.449","0","20","17"
"09:23:45.865, 22 de jun. de 2023","0,0","0,0","438.829.056","360.147.200","4.449","0","20","17"
"09:23:46.866, 22 de jun. de 2023","0,0","0,0","438.829.056","360.964.784","4.449","0","20","17"
"09:23:47.866, 22 de jun. de 2023","0,1","0,0","438.829.056","360.967.440","4.449","0","20","17"
"09:23:48.867, 22 de jun. de 2023","0,0","0,0","438.829.056","360.970.112","4.449","0","20","17"
"09:23:49.867, 22 de jun. de 2023","0,1","0,0","438.829.056","361.763.600","4.449","0","20","17"
"09:23:50.868, 22 de jun. de 2023","0,0","0,0","438.829.056","361.766.272","4.449","0","20","17"
"09:23:51.868, 22 de jun. de 2023","0,0","0,0","438.829.056","361.768.944","4.449","0","20","17"
"09:23:52.869, 22 de jun. de 2023","0,0","0,0","438.829.056","362.562.432","4.449","0","20","17"
"09:23:53.869, 22 de jun. de 2023","0,1","0,0","438.829.056","362.567.744","4.449","0","20","17"
"09:23:54.869, 22 de jun. de 2023","0,0","0,0","438.829.056","362.570.400","4.449","0","20","17"
"09:23:55.870, 22 de jun. de 2023","0,0","0,0","438.829.056","363.363.872","4.449","0","20","17"
"09:23:56.870, 22 de jun. de 2023","0,1","0,0","438.829.056","363.393.152","4.449","0","20","17"
"09:23:57.871, 22 de jun. de 2023","0,0","0,0","438.829.056","363.395.808","4.449","0","20","17"
"09:23:58.871, 22 de jun. de 2023","0,0","0,0","438.829.056","364.189.960","4.449","0","20","17"
"09:23:59.872, 22 de jun. de 2023","0,1","0,0","438.829.056","364.192.616","4.449","0","20","17"
"09:24:00.872, 22 de jun. de 2023","0,0","0,0","438.829.056","364.195.272","4.449","0","20","17"
"09:24:01.873, 22 de jun. de 2023","0,0","0,0","438.829.056","364.989.744","4.449","0","20","17"
"09:24:02.873, 22 de jun. de 2023","0,1","0,0","438.829.056","364.992.400","4.449","0","20","17"
"09:24:03.873, 22 de jun. de 2023","0,0","0,0","438.829.056","364.995.056","4.449","0","20","17"
"09:24:04.874, 22 de jun. de 2023","0,1","0,0","438.829.056","365.789.528","4.449","0","20","17"
"09:24:05.874, 22 de jun. de 2023","0,0","0,0","438.829.056","365.792.184","4.449","0","20","17"
"09:24:06.875, 22 de jun. de 2023","0,1","0,0","438.829.056","365.818.944","4.449","0","20","17"
"09:24:07.875, 22 de jun. de 2023","0,0","0,0","438.829.056","366.615.088","4.449","0","20","17"
"09:24:08.876, 22 de jun. de 2023","0,0","0,0","438.829.056","366.617.744","4.449","0","20","17"
"09:24:09.876, 22 de jun. de 2023","0,0","0,0","438.829.056","366.620.400","4.449","0","20","17"
"09:24:10.877, 22 de jun. de 2023","0,1","0,0","438.829.056","367.413.864","4.449","0","20","17"
"09:24:11.877, 22 de jun. de 2023","0,0","0,0","438.829.056","367.416.520","4.449","0","20","17"
"09:24:12.878, 22 de jun. de 2023","0,0","0,0","438.829.056","367.419.176","4.449","0","20","17"
"09:24:13.878, 22 de jun. de 2023","0,1","0,0","438.829.056","368.212.632","4.449","0","20","17"
"09:24:14.879, 22 de jun. de 2023","0,0","0,0","438.829.056","368.215.288","4.449","0","20","17"
"09:24:15.879, 22 de jun. de 2023","0,0","0,0","438.829.056","368.217.944","4.449","0","20","17"
"09:24:16.880, 22 de jun. de 2023","0,1","0,0","438.829.056","369.049.736","4.449","0","20","17"
"09:24:17.880, 22 de jun. de 2023","0,0","0,0","438.829.056","369.055.072","4.449","0","20","17"
"09:24:18.881, 22 de jun. de 2023","0,0","0,0","438.829.056","369.057.728","4.449","0","20","17"
"09:24:19.881, 22 de jun. de 2023","0,1","0,0","438.829.056","369.852.200","4.449","0","20","17"
"09:24:20.882, 22 de jun. de 2023","0,0","0,0","438.829.056","369.854.856","4.449","0","20","17"
"09:24:21.882, 22 de jun. de 2023","0,0","0,0","438.829.056","369.857.512","4.449","0","20","17"
"09:24:22.883, 22 de jun. de 2023","0,1","0,0","438.829.056","370.650.976","4.449","0","20","17"
"09:24:23.883, 22 de jun. de 2023","0,0","0,0","438.829.056","370.653.632","4.449","0","20","17"
"09:24:24.884, 22 de jun. de 2023","0,0","0,0","438.829.056","370.656.288","4.449","0","20","17"
"09:24:25.884, 22 de jun. de 2023","0,1","0,0","438.829.056","371.449.752","4.449","0","20","17"
"09:24:26.885, 22 de jun. de 2023","0,0","0,0","438.829.056","371.476.344","4.449","0","20","17"
"09:24:27.886, 22 de jun. de 2023","0,2","0,0","438.829.056","371.479.000","4.449","0","20","17"
"09:24:28.886, 22 de jun. de 2023","0,0","0,0","438.829.056","372.272.552","4.449","0","20","17"
"09:24:29.887, 22 de jun. de 2023","0,0","0,0","438.829.056","372.275.208","4.449","0","20","17"
"09:24:30.887, 22 de jun. de 2023","0,0","0,0","438.829.056","372.277.864","4.449","0","20","17"
"09:24:31.888, 22 de jun. de 2023","0,0","0,0","438.829.056","373.071.352","4.449","0","20","17"
"09:24:32.888, 22 de jun. de 2023","0,1","0,0","438.829.056","373.076.664","4.449","0","20","17"
"09:24:33.888, 22 de jun. de 2023","0,0","0,0","438.829.056","373.079.320","4.449","0","20","17"
"09:24:34.889, 22 de jun. de 2023","0,1","0,0","438.829.056","373.873.280","4.449","0","20","17"
"09:24:35.889, 22 de jun. de 2023","0,0","0,0","438.829.056","373.875.936","4.449","0","20","17"
"09:24:36.890, 22 de jun. de 2023","0,0","0,0","438.829.056","373.902.704","4.449","0","20","17"
"09:24:37.890, 22 de jun. de 2023","0,1","0,0","438.829.056","374.697.176","4.449","0","20","17"
"09:24:38.891, 22 de jun. de 2023","0,0","0,0","438.829.056","374.699.832","4.449","0","20","17"
"09:24:39.891, 22 de jun. de 2023","0,0","0,0","438.829.056","374.705.168","4.449","0","20","17"
"09:24:40.892, 22 de jun. de 2023","0,1","0,0","438.829.056","374.707.824","4.449","0","20","17"
"09:24:41.892, 22 de jun. de 2023","0,0","0,0","438.829.056","375.501.464","4.449","0","20","17"
"09:24:42.893, 22 de jun. de 2023","0,0","0,0","438.829.056","375.504.136","4.449","0","20","17"
"09:24:43.893, 22 de jun. de 2023","0,1","0,0","438.829.056","375.509.464","4.449","0","20","17"
"09:24:44.894, 22 de jun. de 2023","0,1","0,0","438.829.056","376.302.928","4.449","0","20","17"
"09:24:45.894, 22 de jun. de 2023","0,0","0,0","438.829.056","376.302.928","4.449","0","20","17"
"09:24:46.894, 22 de jun. de 2023","0,0","0,0","438.829.056","376.329.664","4.449","0","20","17"
"09:24:47.895, 22 de jun. de 2023","0,1","0,0","438.829.056","377.123.168","4.449","0","20","17"
"09:24:48.896, 22 de jun. de 2023","0,0","0,0","438.829.056","377.125.824","4.449","0","20","17"
"09:24:49.896, 22 de jun. de 2023","0,0","0,0","438.829.056","377.128.480","4.449","0","20","17"
"09:24:50.897, 22 de jun. de 2023","0,1","0,0","438.829.056","377.921.968","4.449","0","20","17"
"09:24:51.897, 22 de jun. de 2023","0,0","0,0","438.829.056","377.924.624","4.449","0","20","17"
"09:24:52.898, 22 de jun. de 2023","0,0","0,0","438.829.056","377.927.280","4.449","0","20","17"
"09:24:53.898, 22 de jun. de 2023","0,0","0,0","438.829.056","378.721.752","4.449","0","20","17"
"09:24:54.898, 22 de jun. de 2023","0,2","0,0","438.829.056","378.724.408","4.449","0","20","17"
"09:24:55.899, 22 de jun. de 2023","0,0","0,0","438.829.056","378.727.064","4.449","0","20","17"
"09:24:56.899, 22 de jun. de 2023","0,0","0,0","438.829.056","379.544.984","4.449","0","20","17"
"09:24:57.900, 22 de jun. de 2023","0,1","0,0","438.829.056","379.547.640","4.449","0","20","17"
"09:24:58.900, 22 de jun. de 2023","0,0","0,0","438.829.056","379.550.312","4.449","0","20","17"
"09:24:59.901, 22 de jun. de 2023","0,0","0,0","438.829.056","380.679.304","4.449","0","20","17"
"09:25:00.901, 22 de jun. de 2023","0,1","0,0","438.829.056","380.684.656","4.449","0","20","17"
"09:25:01.902, 22 de jun. de 2023","0,0","0,0","438.829.056","380.687.328","4.449","0","20","17"
"09:25:02.902, 22 de jun. de 2023","0,0","0,0","482.344.960","301.949.216","4.449","0","20","17"
"09:25:03.903, 22 de jun. de 2023","0,1","0,0","482.344.960","301.978.472","4.449","0","20","17"
"09:25:04.903, 22 de jun. de 2023","0,1","0,0","482.344.960","301.982.064","4.449","0","20","17"
"09:25:05.904, 22 de jun. de 2023","0,0","0,0","482.344.960","301.985.640","4.449","0","20","17"
"09:25:06.904, 22 de jun. de 2023","0,0","0,0","482.344.960","303.036.264","4.449","0","20","17"
"09:25:07.905, 22 de jun. de 2023","0,1","0,0","482.344.960","303.039.856","4.449","0","20","17"
"09:25:08.905, 22 de jun. de 2023","0,0","0,0","482.344.960","303.043.432","4.449","0","20","17"
"09:25:09.906, 22 de jun. de 2023","0,0","0,0","482.344.960","303.047.024","4.449","0","20","17"
"09:25:10.906, 22 de jun. de 2023","0,1","0,0","482.344.960","304.074.048","4.449","0","20","17"
"09:25:11.907, 22 de jun. de 2023","0,1","0,0","482.344.960","304.077.624","4.449","0","20","17"
"09:25:12.907, 22 de jun. de 2023","0,0","0,0","482.344.960","304.081.216","4.449","0","20","17"
"09:25:13.908, 22 de jun. de 2023","0,0","0,0","482.344.960","304.081.216","4.449","0","20","17"
"09:25:14.908, 22 de jun. de 2023","0,0","0,0","482.344.960","305.111.816","4.449","0","20","17"
"09:25:15.909, 22 de jun. de 2023","0,1","0,0","482.344.960","305.115.408","4.449","0","20","17"
"09:25:16.909, 22 de jun. de 2023","0,0","0,0","482.344.960","305.143.008","4.449","0","20","17"
"09:25:17.910, 22 de jun. de 2023","0,0","0,0","482.344.960","305.143.008","4.449","0","20","17"
"09:25:18.910, 22 de jun. de 2023","0,0","0,0","482.344.960","306.173.152","4.449","0","20","17"
"09:25:19.911, 22 de jun. de 2023","0,1","0,0","482.344.960","306.176.728","4.449","0","20","17"
"09:25:20.911, 22 de jun. de 2023","0,0","0,0","482.344.960","306.176.728","4.449","0","20","17"
"09:25:21.912, 22 de jun. de 2023","0,1","0,0","482.344.960","306.180.320","4.449","0","20","17"
"09:25:22.912, 22 de jun. de 2023","0,0","0,0","482.344.960","307.210.448","4.449","0","20","17"
"09:25:23.913, 22 de jun. de 2023","0,1","0,0","482.344.960","307.210.448","4.449","0","20","17"
"09:25:24.913, 22 de jun. de 2023","0,0","0,0","482.344.960","307.214.040","4.449","0","20","17"
"09:25:25.914, 22 de jun. de 2023","0,1","0,0","482.344.960","307.217.616","4.449","0","20","17"
"09:25:26.914, 22 de jun. de 2023","0,0","0,0","482.344.960","308.273.528","4.449","0","20","17"
"09:25:27.915, 22 de jun. de 2023","0,1","0,0","482.344.960","308.277.120","4.449","0","20","17"
"09:25:28.915, 22 de jun. de 2023","0,0","0,0","482.344.960","308.280.696","4.449","0","20","17"
"09:25:29.916, 22 de jun. de 2023","0,0","0,0","482.344.960","308.280.696","4.449","0","20","17"
"09:25:30.916, 22 de jun. de 2023","0,0","0,0","482.344.960","309.310.792","4.449","0","20","17"
"09:25:31.917, 22 de jun. de 2023","0,1","0,0","482.344.960","309.314.384","4.449","0","20","17"
"09:25:32.917, 22 de jun. de 2023","0,1","0,0","482.344.960","309.317.960","4.449","0","20","17"
"09:25:33.918, 22 de jun. de 2023","0,0","0,0","482.344.960","309.317.960","4.449","0","20","17"
"09:25:34.918, 22 de jun. de 2023","0,0","0,0","482.344.960","310.348.088","4.449","0","20","17"
"09:25:35.919, 22 de jun. de 2023","0,0","0,0","482.344.960","310.351.664","4.449","0","20","17"
"09:25:36.919, 22 de jun. de 2023","0,0","0,0","482.344.960","310.375.640","4.449","0","20","17"
"09:25:37.920, 22 de jun. de 2023","0,1","0,0","482.344.960","310.379.232","4.449","0","20","17"
"09:25:38.920, 22 de jun. de 2023","0,1","0,0","482.344.960","311.412.048","4.449","0","20","17"
"09:25:39.921, 22 de jun. de 2023","0,0","0,0","482.344.960","311.412.048","4.449","0","20","17"
"09:25:40.921, 22 de jun. de 2023","0,0","0,0","482.344.960","311.415.640","4.449","0","20","17"
"09:25:41.921, 22 de jun. de 2023","0,0","0,0","482.344.960","311.419.216","4.449","0","20","17"
"09:25:42.922, 22 de jun. de 2023","0,1","0,0","482.344.960","312.449.408","4.449","0","20","17"
"09:25:43.922, 22 de jun. de 2023","0,0","0,0","482.344.960","312.449.408","4.449","0","20","17"
"09:25:44.923, 22 de jun. de 2023","0,1","0,0","482.344.960","312.452.984","4.449","0","20","17"
"09:25:45.923, 22 de jun. de 2023","0,0","0,0","482.344.960","312.456.576","4.449","0","20","17"
"09:25:46.924, 22 de jun. de 2023","0,0","0,0","482.344.960","313.509.752","4.449","0","20","17"
"09:25:47.924, 22 de jun. de 2023","0,1","0,0","482.344.960","313.513.328","4.449","0","20","17"
"09:25:48.925, 22 de jun. de 2023","0,0","0,0","482.344.960","313.516.920","4.449","0","20","17"
"09:25:49.925, 22 de jun. de 2023","0,0","0,0","482.344.960","313.516.920","4.449","0","20","17"
"09:25:50.926, 22 de jun. de 2023","0,1","0,0","482.344.960","314.547.040","4.449","0","20","17"
"09:25:51.926, 22 de jun. de 2023","0,0","0,0","482.344.960","314.550.632","4.449","0","20","17"
"09:25:52.927, 22 de jun. de 2023","0,0","0,0","482.344.960","314.550.632","4.449","0","20","17"
"09:25:53.927, 22 de jun. de 2023","0,1","0,0","482.344.960","314.554.208","4.449","0","20","17"
"09:25:54.928, 22 de jun. de 2023","0,0","0,0","482.344.960","315.587.008","4.449","0","20","17"
"09:25:55.928, 22 de jun. de 2023","0,1","0,0","482.344.960","315.590.584","4.449","0","20","17"
"09:25:56.928, 22 de jun. de 2023","0,0","0,0","482.344.960","315.614.552","4.449","0","20","17"
"09:25:57.929, 22 de jun. de 2023","0,0","0,0","482.344.960","315.618.144","4.449","0","20","17"
"09:25:58.929, 22 de jun. de 2023","0,1","0,0","482.344.960","316.648.272","4.449","0","20","17"
"09:25:59.930, 22 de jun. de 2023","0,0","0,0","482.344.960","316.651.864","4.449","0","20","17"
